-230.43965
-230.44749
-230.45368
-230.45741
-230.45939
-230.46088
-230.46307
-230.46625
-230.47011
-230.47445
-230.47741
-230.47886
-230.47985
-230.48063
-230.48118
-230.48162
-230.48215
-230.48259
-230.48276
-230.48166
-230.47940
-230.47611
-230.47312
-230.47170
-230.47191
-230.47235
-230.47223
-230.47068
-230.46721
-230.46249
-230.45793
-230.45579
-230.45544
-230.45320
-230.45027
-230.45089
-230.45717
-230.46613
-230.47294
-230.47559
-230.47541
-230.47486
-230.47499
-230.47631
-230.47816
-230.47907
-230.47871
-230.47786
-230.47655
-230.47458
-230.47387
-230.47056
-230.47073
-230.47223
-230.47371
-230.47501
-230.47676
-230.47917
-230.48225
-230.48492
-230.48668
-230.48777
-230.48864
-230.48970
-230.49071
-230.49155
-230.49220
-230.49268
-230.49306
-230.49346
-230.49389
-230.49412
-230.49381
-230.49272
-230.49121
-230.48968
-230.48840
-230.48735
-230.48639
-230.48563
-230.48499
-230.48439
-230.48417
-230.48451
-230.48550
-230.48692
-230.48823
-230.48896
-230.48913
-230.48921
-230.48949
-230.48972
-230.48982
-230.48957
-230.48901
-230.48832
-230.48796
-230.48867
-230.49054
-230.49258
-230.45158
-230.45684
-230.46130
-230.46470
-230.46763
-230.47029
-230.47225
-230.47372
-230.47528
-230.47751
-230.47964
-230.48096
-230.48160
-230.48181
-230.48144
-230.48089
-230.48076
-230.48068
-230.48063
-230.48071
-230.48082
-230.48065
-230.48046
-230.48076
-230.48096
-230.48117
-230.48190
-230.48273
-230.48321
-230.48310
-230.48244
-230.48137
-230.48030
-230.47976
-230.47971
-230.47938
-230.47867
-230.47737
-230.47506
-230.47207
-230.46892
-230.46609
-230.46353
-230.46155
-230.46108
-230.46245
-230.46519
-230.46839
-230.47090
-230.47236
-230.47342
-230.47480
-230.47683
-230.47949
-230.48276
-230.48575
-230.48793
-230.48940
-230.49045
-230.49082
-230.49054
-230.48947
-230.48825
-230.48712
-230.48638
-230.48593
-230.48545
-230.48507
-230.48546
-230.48628
-230.48729
-230.48838
-230.48957
-230.49048
-230.49108
-230.49185
-230.49263
-230.49315
-230.49339
-230.49313
-230.49209
-230.49035
-230.48836
-230.48618
-230.48446
-230.48358
-230.48302
-230.48244
-230.48189
-230.48106
-230.48008
-230.47905
-230.47827
-230.47760
-230.47683
-230.47638
-230.47642
-230.47673
-230.47701
-230.47735
-230.47924
-230.48128
-230.48145
-230.48039
-230.47878
-230.47705
-230.47509
-230.47302
-230.47102
-230.46961
-230.46941
-230.46967
-230.47000
-230.47088
-230.47226
-230.47383
-230.47519
-230.47599
-230.47634
-230.47612
-230.47522
-230.47340
-230.47165
-230.47041
-230.46948
-230.46820
-230.46611
-230.46321
-230.46000
-230.45719
-230.45549
-230.45563
-230.45789
-230.46187
-230.46635
-230.47035
-230.47331
-230.47549
-230.47745
-230.47946
-230.48153
-230.48377
-230.48567
-230.48683
-230.48736
-230.48752
-230.48747
-230.48743
-230.48753
-230.48768
-230.48786
-230.48820
-230.48853
-230.48861
-230.48863
-230.48893
-230.48942
-230.49008
-230.49084
-230.49141
-230.49111
-230.48958
-230.48719
-230.48483
-230.48336
-230.48284
-230.48246
-230.48133
-230.47883
-230.47486
-230.47057
-230.46746
-230.46593
-230.46571
-230.46725
-230.47105
-230.47595
-230.47999
-230.48228
-230.48305
-230.48301
-230.48310
-230.48427
-230.48666
-230.48926
-230.49129
-230.49233
-230.49240
-230.49157
-230.49027
-230.48874
-230.48712
-230.48579
-230.48496
-230.48467
-230.48499
-230.48571
-230.48636
-230.48703
-230.48773
-230.47924
-230.48128
-230.48145
-230.48039
-230.47878
-230.47705
-230.47509
-230.47302
-230.47102
-230.46961
-230.46941
-230.46967
-230.47000
-230.47088
-230.47226
-230.47383
-230.47519
-230.47599
-230.47634
-230.47612
-230.47522
-230.47340
-230.47165
-230.47041
-230.46948
-230.46820
-230.46611
-230.46321
-230.46000
-230.45719
-230.45549
-230.45563
-230.45789
-230.46187
-230.46635
-230.47035
-230.47331
-230.47549
-230.47745
-230.47946
-230.48153
-230.48377
-230.48567
-230.48683
-230.48736
-230.48752
-230.48747
-230.48743
-230.48753
-230.48768
-230.48786
-230.48820
-230.48853
-230.48861
-230.48863
-230.48893
-230.48942
-230.49008
-230.49084
-230.49141
-230.49111
-230.48958
-230.48719
-230.48483
-230.48336
-230.48284
-230.48246
-230.48133
-230.47883
-230.47486
-230.47057
-230.46746
-230.46593
-230.46571
-230.46725
-230.47105
-230.47595
-230.47999
-230.48228
-230.48305
-230.48301
-230.48310
-230.48427
-230.48666
-230.48926
-230.49129
-230.49233
-230.49240
-230.49157
-230.49027
-230.48874
-230.48712
-230.48579
-230.48496
-230.48467
-230.48499
-230.48571
-230.48636
-230.48703
-230.48773
-230.43768
-230.43688
-230.43713
-230.43881
-230.44169
-230.44504
-230.44842
-230.45194
-230.45647
-230.46155
-230.46552
-230.46844
-230.47082
-230.47271
-230.47418
-230.47542
-230.47642
-230.47752
-230.47810
-230.47779
-230.47729
-230.47731
-230.47774
-230.47814
-230.47788
-230.47641
-230.47376
-230.47033
-230.46695
-230.46454
-230.46306
-230.46236
-230.46358
-230.46686
-230.47082
-230.47408
-230.47591
-230.47658
-230.47702
-230.47827
-230.48081
-230.48475
-230.48883
-230.49193
-230.49337
-230.49359
-230.49288
-230.49181
-230.49065
-230.48975
-230.48931
-230.48922
-230.48929
-230.48930
-230.48921
-230.48926
-230.48965
-230.49029
-230.49103
-230.49143
-230.49125
-230.49033
-230.48899
-230.48764
-230.48652
-230.48566
-230.48500
-230.48446
-230.48403
-230.48375
-230.48372
-230.48395
-230.48446
-230.48487
-230.48517
-230.48548
-230.48591
-230.48641
-230.48716
-230.48807
-230.48908
-230.49008
-230.49100
-230.49158
-230.49205
-230.49230
-230.49264
-230.49300
-230.49353
-230.49411
-230.49457
-230.49477
-230.49475
-230.49462
-230.49454
-230.49456
-230.49465
-230.49467
-230.49430
-230.49341
-230.43349
-230.43666
-230.43949
-230.44265
-230.44644
-230.45017
-230.45329
-230.45538
-230.45716
-230.45866
-230.45931
-230.45881
-230.45800
-230.45778
-230.45834
-230.45975
-230.46160
-230.46346
-230.46535
-230.46752
-230.47031
-230.47365
-230.47723
-230.48043
-230.48287
-230.48426
-230.48491
-230.48514
-230.48479
-230.48342
-230.48126
-230.47871
-230.47570
-230.47192
-230.46786
-230.46420
-230.46135
-230.46072
-230.46351
-230.46867
-230.47348
-230.47648
-230.47854
-230.48082
-230.48436
-230.48810
-230.49042
-230.49146
-230.49142
-230.49110
-230.49078
-230.49057
-230.49049
-230.49059
-230.49080
-230.49098
-230.49109
-230.49115
-230.49093
-230.49043
-230.48950
-230.48809
-230.48651
-230.48533
-230.48467
-230.48436
-230.48447
-230.48502
-230.48586
-230.48655
-230.48699
-230.48732
-230.48799
-230.48936
-230.49079
-230.49158
-230.49226
-230.49262
-230.49272
-230.49252
-230.49196
-230.49110
-230.49015
-230.48930
-230.48861
-230.48814
-230.48803
-230.48834
-230.48886
-230.48940
-230.48989
-230.49037
-230.49090
-230.49144
-230.49195
-230.49235
-230.49252
-230.49245
-230.49189
-230.49119
-230.43349
-230.43666
-230.43949
-230.44265
-230.44644
-230.45017
-230.45329
-230.45538
-230.45716
-230.45866
-230.45931
-230.45881
-230.45800
-230.45778
-230.45834
-230.45975
-230.46160
-230.46346
-230.46535
-230.46752
-230.47031
-230.47365
-230.47723
-230.48043
-230.48287
-230.48426
-230.48491
-230.48514
-230.48479
-230.48342
-230.48126
-230.47871
-230.47570
-230.47192
-230.46786
-230.46420
-230.46135
-230.46072
-230.46351
-230.46867
-230.47348
-230.47648
-230.47854
-230.48082
-230.48436
-230.48810
-230.49042
-230.49146
-230.49142
-230.49110
-230.49078
-230.49057
-230.49049
-230.49059
-230.49080
-230.49098
-230.49109
-230.49115
-230.49093
-230.49043
-230.48950
-230.48809
-230.48651
-230.48533
-230.48467
-230.48436
-230.48447
-230.48502
-230.48586
-230.48655
-230.48699
-230.48732
-230.48799
-230.48936
-230.49079
-230.49158
-230.49226
-230.49262
-230.49272
-230.49252
-230.49196
-230.49110
-230.49015
-230.48930
-230.48861
-230.48814
-230.48803
-230.48834
-230.48886
-230.48940
-230.48989
-230.49037
-230.49090
-230.49144
-230.49195
-230.49235
-230.49252
-230.49245
-230.49189
-230.49119
-230.46573
-230.46719
-230.46774
-230.46802
-230.46844
-230.46875
-230.46781
-230.46509
-230.46143
-230.45866
-230.45792
-230.45814
-230.45782
-230.45806
-230.45955
-230.46208
-230.46473
-230.46637
-230.46681
-230.46666
-230.46680
-230.46714
-230.46650
-230.46507
-230.46381
-230.46279
-230.46158
-230.45920
-230.45561
-230.45175
-230.44857
-230.44631
-230.44439
-230.44277
-230.44247
-230.44410
-230.44760
-230.45151
-230.45382
-230.45477
-230.45650
-230.45950
-230.46282
-230.46584
-230.46820
-230.46972
-230.47123
-230.47312
-230.47513
-230.47719
-230.47921
-230.48090
-230.48219
-230.48301
-230.48329
-230.48358
-230.48389
-230.48415
-230.48412
-230.48423
-230.48465
-230.48520
-230.48569
-230.48621
-230.48655
-230.48671
-230.48677
-230.48647
-230.48569
-230.48477
-230.48393
-230.48324
-230.48266
-230.48219
-230.48209
-230.48246
-230.48312
-230.48353
-230.48359
-230.48360
-230.48369
-230.48389
-230.48415
-230.48452
-230.48513
-230.48585
-230.48665
-230.48676
-230.48621
-230.48549
-230.48503
-230.48449
-230.48362
-230.48221
-230.48079
-230.47985
-230.47954
-230.47983
-230.48040
-230.48079
-230.47753
-230.47664
-230.47608
-230.47546
-230.47483
-230.47453
-230.47477
-230.47467
-230.47348
-230.47170
-230.47014
-230.46899
-230.46787
-230.46683
-230.46585
-230.46480
-230.46296
-230.46022
-230.45798
-230.45789
-230.45866
-230.45820
-230.45730
-230.45811
-230.46065
-230.46364
-230.46607
-230.46741
-230.46800
-230.46851
-230.46946
-230.47105
-230.47257
-230.47388
-230.47531
-230.47693
-230.47834
-230.47921
-230.47997
-230.48126
-230.48323
-230.48534
-230.48730
-230.48885
-230.48988
-230.49042
-230.49055
-230.49048
-230.49053
-230.49072
-230.49093
-230.49108
-230.49115
-230.49089
-230.49056
-230.49025
-230.49014
-230.49011
-230.49029
-230.49053
-230.49068
-230.49076
-230.49050
-230.48987
-230.48925
-230.48872
-230.48827
-230.48781
-230.48729
-230.48667
-230.48610
-230.48563
-230.48531
-230.48532
-230.48534
-230.48518
-230.48472
-230.48420
-230.48405
-230.48405
-230.48410
-230.48356
-230.48240
-230.48125
-230.48045
-230.47969
-230.47843
-230.47690
-230.47579
-230.47541
-230.47528
-230.47478
-230.47412
-230.47390
-230.47401
-230.47384
-230.47327
-230.47283
-230.47262
-230.47272
-230.44863
-230.45520
-230.46046
-230.46477
-230.46843
-230.47187
-230.47515
-230.47851
-230.48182
-230.48467
-230.48653
-230.48715
-230.48677
-230.48601
-230.48529
-230.48454
-230.48346
-230.48194
-230.48039
-230.47928
-230.47864
-230.47802
-230.47673
-230.47429
-230.47090
-230.46687
-230.46227
-230.45584
-230.44774
-230.44189
-230.44328
-230.45145
-230.46131
-230.46950
-230.47561
-230.48005
-230.48308
-230.48490
-230.48634
-230.48812
-230.49029
-230.49221
-230.49331
-230.49329
-230.49222
-230.49050
-230.48836
-230.48606
-230.48369
-230.48135
-230.47917
-230.47723
-230.47575
-230.47502
-230.47519
-230.47603
-230.47506
-230.47461
-230.47490
-230.47597
-230.47759
-230.47936
-230.48103
-230.48219
-230.48299
-230.48380
-230.48476
-230.48601
-230.48734
-230.48859
-230.48958
-230.49044
-230.49112
-230.49143
-230.49119
-230.49044
-230.48920
-230.48775
-230.48646
-230.48576
-230.48603
-230.48691
-230.48768
-230.48733
-230.48648
-230.48560
-230.48516
-230.48557
-230.48677
-230.48807
-230.48887
-230.48895
-230.48851
-230.48800
-230.48756
-230.48729
-230.48735
-230.48773
-230.48832
-230.48903
-230.45158
-230.45684
-230.46130
-230.46470
-230.46763
-230.47029
-230.47225
-230.47372
-230.47528
-230.47751
-230.47964
-230.48096
-230.48160
-230.48181
-230.48144
-230.48089
-230.48076
-230.48068
-230.48063
-230.48071
-230.48082
-230.48065
-230.48046
-230.48076
-230.48096
-230.48117
-230.48190
-230.48273
-230.48321
-230.48310
-230.48244
-230.48137
-230.48030
-230.47976
-230.47971
-230.47938
-230.47867
-230.47737
-230.47506
-230.47207
-230.46892
-230.46609
-230.46353
-230.46155
-230.46108
-230.46245
-230.46519
-230.46839
-230.47090
-230.47236
-230.47342
-230.47480
-230.47683
-230.47949
-230.48276
-230.48575
-230.48793
-230.48940
-230.49045
-230.49082
-230.49054
-230.48947
-230.48825
-230.48712
-230.48638
-230.48593
-230.48545
-230.48507
-230.48546
-230.48628
-230.48729
-230.48838
-230.48957
-230.49048
-230.49108
-230.49185
-230.49263
-230.49315
-230.49339
-230.49313
-230.49209
-230.49035
-230.48836
-230.48618
-230.48446
-230.48358
-230.48302
-230.48244
-230.48189
-230.48106
-230.48008
-230.47905
-230.47827
-230.47760
-230.47683
-230.47638
-230.47642
-230.47673
-230.47701
-230.47735
-230.48151
-230.48204
-230.48213
-230.48168
-230.48100
-230.48024
-230.47932
-230.47814
-230.47682
-230.47574
-230.47515
-230.47521
-230.47595
-230.47691
-230.47763
-230.47807
-230.47802
-230.47731
-230.47653
-230.47656
-230.47771
-230.47990
-230.48223
-230.48366
-230.48393
-230.48349
-230.48285
-230.48211
-230.48138
-230.48079
-230.48013
-230.47898
-230.47712
-230.47463
-230.47172
-230.46854
-230.46565
-230.46326
-230.46190
-230.46193
-230.46309
-230.46466
-230.46617
-230.46712
-230.46809
-230.46927
-230.47012
-230.47036
-230.47051
-230.47172
-230.47438
-230.47788
-230.48148
-230.48462
-230.48685
-230.48784
-230.48756
-230.48650
-230.48508
-230.48391
-230.48319
-230.48273
-230.48223
-230.48165
-230.48134
-230.48150
-230.48250
-230.48430
-230.48668
-230.48899
-230.49074
-230.49173
-230.49207
-230.49173
-230.49089
-230.48955
-230.48787
-230.48614
-230.48462
-230.48380
-230.48359
-230.48338
-230.48246
-230.48051
-230.47761
-230.47413
-230.47096
-230.46880
-230.46760
-230.46737
-230.46842
-230.47065
-230.47317
-230.47511
-230.47617
-230.47663
-230.47715
-230.47831
-230.48029
-230.48307
-230.48154
-230.48010
-230.47949
-230.47947
-230.47983
-230.48044
-230.48124
-230.48221
-230.48326
-230.48404
-230.48445
-230.48417
-230.48330
-230.48175
-230.47924
-230.47572
-230.47140
-230.46658
-230.46173
-230.45783
-230.45562
-230.45486
-230.45508
-230.45635
-230.45881
-230.46181
-230.46456
-230.46662
-230.46848
-230.47095
-230.47425
-230.47837
-230.48253
-230.48592
-230.48807
-230.48902
-230.48911
-230.48878
-230.48842
-230.48802
-230.48773
-230.48747
-230.48702
-230.48607
-230.48441
-230.48209
-230.47967
-230.47874
-230.47815
-230.47832
-230.47928
-230.48069
-230.48187
-230.48201
-230.48088
-230.47893
-230.47713
-230.47594
-230.47557
-230.47614
-230.47748
-230.47912
-230.48062
-230.48132
-230.48106
-230.48014
-230.47920
-230.47907
-230.48007
-230.48126
-230.48240
-230.48311
-230.48319
-230.48260
-230.48160
-230.48037
-230.47895
-230.47731
-230.47554
-230.47401
-230.47312
-230.47288
-230.47320
-230.47411
-230.47370
-230.47348
-230.47358
-230.47428
-230.47535
-230.47621
-230.47683
-230.47731
-230.47753
-230.47750
-230.47744
-230.47751
-230.47749
-230.47729
-230.47661
-230.47528
-230.48953
-230.48953
-230.48973
-230.49001
-230.49028
-230.49055
-230.49054
-230.49038
-230.49026
-230.49009
-230.49011
-230.49006
-230.49010
-230.49019
-230.49042
-230.49063
-230.49082
-230.49087
-230.49065
-230.49035
-230.49004
-230.48979
-230.48967
-230.48975
-230.48997
-230.49028
-230.49060
-230.49087
-230.49056
-230.49012
-230.48967
-230.48954
-230.48961
-230.48983
-230.49011
-230.49039
-230.49051
-230.49055
-230.49050
-230.49040
-230.49037
-230.49032
-230.49024
-230.49020
-230.49016
-230.49007
-230.48998
-230.48990
-230.48987
-230.48987
-230.48996
-230.49007
-230.49012
-230.49021
-230.49021
-230.49005
-230.48981
-230.48965
-230.48951
-230.48943
-230.48947
-230.48962
-230.48981
-230.49013
-230.49032
-230.49027
-230.49004
-230.48988
-230.48973
-230.48961
-230.48962
-230.48973
-230.48985
-230.49002
-230.49014
-230.49006
-230.48981
-230.48946
-230.48893
-230.48850
-230.48832
-230.48839
-230.48865
-230.48907
-230.48943
-230.48949
-230.48927
-230.48897
-230.48870
-230.48861
-230.48884
-230.48928
-230.48982
-230.49032
-230.49059
-230.49042
-230.48982
-230.48894
-230.48802
-230.48735
-230.48936
-230.48946
-230.48949
-230.48962
-230.48999
-230.49052
-230.49075
-230.49026
-230.48912
-230.48781
-230.48705
-230.48709
-230.48763
-230.48842
-230.48924
-230.48984
-230.49006
-230.49025
-230.49023
-230.49005
-230.48967
-230.48918
-230.48871
-230.48829
-230.48806
-230.48791
-230.48773
-230.48726
-230.48653
-230.48578
-230.48536
-230.48554
-230.48668
-230.48856
-230.49036
-230.49129
-230.49104
-230.48977
-230.48805
-230.48648
-230.48582
-230.48593
-230.48632
-230.48663
-230.48654
-230.48599
-230.48509
-230.48452
-230.48493
-230.48594
-230.48675
-230.48687
-230.48618
-230.48490
-230.48362
-230.48264
-230.48228
-230.48246
-230.48282
-230.48299
-230.48253
-230.48125
-230.47946
-230.47767
-230.47656
-230.47606
-230.47592
-230.47608
-230.47645
-230.47680
-230.47704
-230.47719
-230.47760
-230.47851
-230.47965
-230.48060
-230.48152
-230.48266
-230.48399
-230.48535
-230.48633
-230.48671
-230.48663
-230.48609
-230.48509
-230.48414
-230.48338
-230.48300
-230.48248
-230.48124
-230.47935
-230.47734
-230.47544
-230.47316
-230.47047
-230.46785
-230.46594
-230.46440
-230.46198
-230.45739
-230.48806
-230.48784
-230.48778
-230.48777
-230.48777
-230.48794
-230.48814
-230.48846
-230.48890
-230.48933
-230.48957
-230.48966
-230.48969
-230.48947
-230.48898
-230.48841
-230.48795
-230.48760
-230.48751
-230.48757
-230.48779
-230.48812
-230.48853
-230.48890
-230.48918
-230.48956
-230.49008
-230.49062
-230.49115
-230.49168
-230.49205
-230.49227
-230.49257
-230.49275
-230.49282
-230.49292
-230.49300
-230.49298
-230.49303
-230.49324
-230.49343
-230.49349
-230.49344
-230.49329
-230.49312
-230.49299
-230.49290
-230.49289
-230.49301
-230.49308
-230.49304
-230.49303
-230.49308
-230.49313
-230.49324
-230.49336
-230.49338
-230.49325
-230.49294
-230.49243
-230.49179
-230.49112
-230.49057
-230.49022
-230.49008
-230.49003
-230.48981
-230.48945
-230.48886
-230.48823
-230.48770
-230.48726
-230.48700
-230.48690
-230.48713
-230.48728
-230.48708
-230.48637
-230.48548
-230.48481
-230.48464
-230.48474
-230.48492
-230.48533
-230.48602
-230.48677
-230.48711
-230.48674
-230.48572
-230.48427
-230.48283
-230.48157
-230.48035
-230.47935
-230.47892
-230.47890
-230.47882
-230.47836
-230.47768
-230.47729
-230.48956
-230.48946
-230.48953
-230.48970
-230.48970
-230.48973
-230.48980
-230.48991
-230.49007
-230.49025
-230.49042
-230.49050
-230.49061
-230.49049
-230.49020
-230.48978
-230.48948
-230.48911
-230.48889
-230.48890
-230.48906
-230.48933
-230.48971
-230.49007
-230.49034
-230.49060
-230.49083
-230.49103
-230.49131
-230.49151
-230.49166
-230.49174
-230.49187
-230.49194
-230.49195
-230.49198
-230.49200
-230.49196
-230.49199
-230.49209
-230.49216
-230.49224
-230.49226
-230.49223
-230.49219
-230.49216
-230.49215
-230.49221
-230.49234
-230.49240
-230.49235
-230.49232
-230.49230
-230.49227
-230.49227
-230.49226
-230.49216
-230.49198
-230.49178
-230.49152
-230.49118
-230.49082
-230.49072
-230.49076
-230.49083
-230.49085
-230.49064
-230.49032
-230.48993
-230.48956
-230.48931
-230.48913
-230.48892
-230.48864
-230.48857
-230.48854
-230.48837
-230.48817
-230.48814
-230.48838
-230.48870
-230.48896
-230.48940
-230.48999
-230.49058
-230.49095
-230.49091
-230.49049
-230.48984
-230.48910
-230.48836
-230.48759
-230.48671
-230.48596
-230.48560
-230.48546
-230.48519
-230.48485
-230.48493
-230.48534
-230.49325
-230.49330
-230.49342
-230.49352
-230.49355
-230.49339
-230.49305
-230.49253
-230.49213
-230.49179
-230.49162
-230.49166
-230.49178
-230.49209
-230.49244
-230.49262
-230.49252
-230.49238
-230.49233
-230.49226
-230.49228
-230.49243
-230.49259
-230.49279
-230.49283
-230.49246
-230.49154
-230.49059
-230.48973
-230.48915
-230.48868
-230.48885
-230.48935
-230.48976
-230.48965
-230.48897
-230.48802
-230.48748
-230.48727
-230.48743
-230.48787
-230.48828
-230.48833
-230.48807
-230.48789
-230.48797
-230.48821
-230.48854
-230.48896
-230.48939
-230.48983
-230.49029
-230.49064
-230.49091
-230.49126
-230.49159
-230.49185
-230.49207
-230.49240
-230.49269
-230.49276
-230.49268
-230.49253
-230.49237
-230.49227
-230.49238
-230.49207
-230.49104
-230.48956
-230.48797
-230.48662
-230.48559
-230.48520
-230.48558
-230.48641
-230.48723
-230.48789
-230.48808
-230.48752
-230.48663
-230.48679
-230.48818
-230.49010
-230.49192
-230.49336
-230.49424
-230.49459
-230.49467
-230.49446
-230.49398
-230.49341
-230.49288
-230.49232
-230.49162
-230.49089
-230.49019
-230.48958
-230.48921
-230.48897
-230.48848
-230.49253
-230.49249
-230.49257
-230.49259
-230.49252
-230.49244
-230.49239
-230.49223
-230.49199
-230.49176
-230.49148
-230.49121
-230.49092
-230.49071
-230.49046
-230.49012
-230.48957
-230.48894
-230.48852
-230.48832
-230.48811
-230.48803
-230.48856
-230.48954
-230.49035
-230.49043
-230.48984
-230.48924
-230.48903
-230.48913
-230.48941
-230.48980
-230.49032
-230.49092
-230.49147
-230.49175
-230.49160
-230.49134
-230.49129
-230.49134
-230.49150
-230.49173
-230.49184
-230.49180
-230.49168
-230.49125
-230.49078
-230.49050
-230.49039
-230.49041
-230.49042
-230.49018
-230.48965
-230.48910
-230.48867
-230.48827
-230.48791
-230.48796
-230.48859
-230.48935
-230.48962
-230.48919
-230.48855
-230.48843
-230.48884
-230.48935
-230.48997
-230.49064
-230.49121
-230.49167
-230.49203
-230.49211
-230.49219
-230.49230
-230.49235
-230.49236
-230.49241
-230.49247
-230.49249
-230.49261
-230.49284
-230.49304
-230.49320
-230.49334
-230.49343
-230.49352
-230.49358
-230.49353
-230.49352
-230.49362
-230.49370
-230.49375
-230.49386
-230.49391
-230.49384
-230.49365
-230.49335
-230.49283
-230.49204
-230.49115
-230.43965
-230.44749
-230.45368
-230.45741
-230.45939
-230.46088
-230.46307
-230.46625
-230.47011
-230.47445
-230.47741
-230.47886
-230.47985
-230.48063
-230.48118
-230.48162
-230.48215
-230.48259
-230.48276
-230.48166
-230.47940
-230.47611
-230.47312
-230.47170
-230.47191
-230.47235
-230.47223
-230.47068
-230.46721
-230.46249
-230.45793
-230.45579
-230.45544
-230.45320
-230.45027
-230.45089
-230.45717
-230.46613
-230.47294
-230.47559
-230.47541
-230.47486
-230.47499
-230.47631
-230.47816
-230.47907
-230.47871
-230.47786
-230.47655
-230.47458
-230.45158
-230.45684
-230.46130
-230.46470
-230.46763
-230.47029
-230.47225
-230.47372
-230.47528
-230.47751
-230.47964
-230.48096
-230.48160
-230.48181
-230.48144
-230.48089
-230.48076
-230.48068
-230.48063
-230.48071
-230.48082
-230.48065
-230.48046
-230.48076
-230.48096
-230.48117
-230.48190
-230.48273
-230.48321
-230.48310
-230.48244
-230.48137
-230.48030
-230.47976
-230.47971
-230.47938
-230.47867
-230.47737
-230.47506
-230.47207
-230.46892
-230.46609
-230.46353
-230.46155
-230.46108
-230.46245
-230.46519
-230.46839
-230.47090
-230.47236
-230.47924
-230.48128
-230.48145
-230.48039
-230.47878
-230.47705
-230.47509
-230.47302
-230.47102
-230.46961
-230.46941
-230.46967
-230.47000
-230.47088
-230.47226
-230.47383
-230.47519
-230.47599
-230.47634
-230.47612
-230.47522
-230.47340
-230.47165
-230.47041
-230.46948
-230.46820
-230.46611
-230.46321
-230.46000
-230.45719
-230.45549
-230.45563
-230.45789
-230.46187
-230.46635
-230.47035
-230.47331
-230.47549
-230.47745
-230.47946
-230.48153
-230.48377
-230.48567
-230.48683
-230.48736
-230.48752
-230.48747
-230.48743
-230.48753
-230.48768
-230.47924
-230.48128
-230.48145
-230.48039
-230.47878
-230.47705
-230.47509
-230.47302
-230.47102
-230.46961
-230.46941
-230.46967
-230.47000
-230.47088
-230.47226
-230.47383
-230.47519
-230.47599
-230.47634
-230.47612
-230.47522
-230.47340
-230.47165
-230.47041
-230.46948
-230.46820
-230.46611
-230.46321
-230.46000
-230.45719
-230.45549
-230.45563
-230.45789
-230.46187
-230.46635
-230.47035
-230.47331
-230.47549
-230.47745
-230.47946
-230.48153
-230.48377
-230.48567
-230.48683
-230.48736
-230.48752
-230.48747
-230.48743
-230.48753
-230.48768
-230.43768
-230.43688
-230.43713
-230.43881
-230.44169
-230.44504
-230.44842
-230.45194
-230.45647
-230.46155
-230.46552
-230.46844
-230.47082
-230.47271
-230.47418
-230.47542
-230.47642
-230.47752
-230.47810
-230.47779
-230.47729
-230.47731
-230.47774
-230.47814
-230.47788
-230.47641
-230.47376
-230.47033
-230.46695
-230.46454
-230.46306
-230.46236
-230.46358
-230.46686
-230.47082
-230.47408
-230.47591
-230.47658
-230.47702
-230.47827
-230.48081
-230.48475
-230.48883
-230.49193
-230.49337
-230.49359
-230.49288
-230.49181
-230.49065
-230.48975
-230.43349
-230.43666
-230.43949
-230.44265
-230.44644
-230.45017
-230.45329
-230.45538
-230.45716
-230.45866
-230.45931
-230.45881
-230.45800
-230.45778
-230.45834
-230.45975
-230.46160
-230.46346
-230.46535
-230.46752
-230.47031
-230.47365
-230.47723
-230.48043
-230.48287
-230.48426
-230.48491
-230.48514
-230.48479
-230.48342
-230.48126
-230.47871
-230.47570
-230.47192
-230.46786
-230.46420
-230.46135
-230.46072
-230.46351
-230.46867
-230.47348
-230.47648
-230.47854
-230.48082
-230.48436
-230.48810
-230.49042
-230.49146
-230.49142
-230.49110
-230.43349
-230.43666
-230.43949
-230.44265
-230.44644
-230.45017
-230.45329
-230.45538
-230.45716
-230.45866
-230.45931
-230.45881
-230.45800
-230.45778
-230.45834
-230.45975
-230.46160
-230.46346
-230.46535
-230.46752
-230.47031
-230.47365
-230.47723
-230.48043
-230.48287
-230.48426
-230.48491
-230.48514
-230.48479
-230.48342
-230.48126
-230.47871
-230.47570
-230.47192
-230.46786
-230.46420
-230.46135
-230.46072
-230.46351
-230.46867
-230.47348
-230.47648
-230.47854
-230.48082
-230.48436
-230.48810
-230.49042
-230.49146
-230.49142
-230.49110
-230.46573
-230.46719
-230.46774
-230.46802
-230.46844
-230.46875
-230.46781
-230.46509
-230.46143
-230.45866
-230.45792
-230.45814
-230.45782
-230.45806
-230.45955
-230.46208
-230.46473
-230.46637
-230.46681
-230.46666
-230.46680
-230.46714
-230.46650
-230.46507
-230.46381
-230.46279
-230.46158
-230.45920
-230.45561
-230.45175
-230.44857
-230.44631
-230.44439
-230.44277
-230.44247
-230.44410
-230.44760
-230.45151
-230.45382
-230.45477
-230.45650
-230.45950
-230.46282
-230.46584
-230.46820
-230.46972
-230.47123
-230.47312
-230.47513
-230.47719
-230.47753
-230.47664
-230.47608
-230.47546
-230.47483
-230.47453
-230.47477
-230.47467
-230.47348
-230.47170
-230.47014
-230.46899
-230.46787
-230.46683
-230.46585
-230.46480
-230.46296
-230.46022
-230.45798
-230.45789
-230.45866
-230.45820
-230.45730
-230.45811
-230.46065
-230.46364
-230.46607
-230.46741
-230.46800
-230.46851
-230.46946
-230.47105
-230.47257
-230.47388
-230.47531
-230.47693
-230.47834
-230.47921
-230.47997
-230.48126
-230.48323
-230.48534
-230.48730
-230.48885
-230.48988
-230.49042
-230.49055
-230.49048
-230.49053
-230.49072
-230.48910
-230.48921
-230.48927
-230.48926
-230.48919
-230.48913
-230.48916
-230.48918
-230.48920
-230.48923
-230.48923
-230.48928
-230.48929
-230.48920
-230.48917
-230.48912
-230.48908
-230.48910
-230.48914
-230.48932
-230.48945
-230.48942
-230.48938
-230.48925
-230.48904
-230.48904
-230.48902
-230.48904
-230.48919
-230.48935
-230.48957
-230.48960
-230.48954
-230.48945
-230.48939
-230.48925
-230.48923
-230.48931
-230.48941
-230.48955
-230.48962
-230.48983
-230.48985
-230.48985
-230.48991
-230.49000
-230.49003
-230.48985
-230.48978
-230.48965
-230.48964
-230.48989
-230.49076
-230.49176
-230.49266
-230.49329
-230.49339
-230.49285
-230.49167
-230.49007
-230.48921
-230.48881
-230.48857
-230.48879
-230.49096
-230.49521
-230.49911
-230.50171
-230.50248
-230.50123
-230.49805
-230.49333
-230.48896
-230.48680
-230.48659
-230.48646
-230.48769
-230.49074
-230.49426
-230.49676
-230.49788
-230.49741
-230.49550
-230.49258
-230.48924
-230.48689
-230.48648
-230.48693
-230.48719
-230.48793
-230.48953
-230.49111
-230.49207
-230.49234
-230.49187
-230.49082
-230.48927
-230.48854
-230.48868
-230.48935
-230.48923
-230.48947
-230.48967
-230.48970
-230.48964
-230.48955
-230.48958
-230.48962
-230.48969
-230.48981
-230.48990
-230.48999
-230.49010
-230.49013
-230.49014
-230.49007
-230.49003
-230.49001
-230.48996
-230.48998
-230.49000
-230.49000
-230.49010
-230.49010
-230.49006
-230.48994
-230.48975
-230.48965
-230.48953
-230.48942
-230.48938
-230.48945
-230.48981
-230.49012
-230.49026
-230.49022
-230.48981
-230.48935
-230.48903
-230.48886
-230.48874
-230.48897
-230.48971
-230.49104
-230.49198
-230.49210
-230.49136
-230.49010
-230.48923
-230.48886
-230.48885
-230.48892
-230.48925
-230.48980
-230.49046
-230.49068
-230.49052
-230.49012
-230.48950
-230.48918
-230.48905
-230.48905
-230.48902
-230.48912
-230.48932
-230.48950
-230.48949
-230.48935
-230.48906
-230.48887
-230.48877
-230.48874
-230.48880
-230.48893
-230.48909
-230.48927
-230.48931
-230.48927
-230.48916
-230.48916
-230.48917
-230.48918
-230.48926
-230.48935
-230.48942
-230.48956
-230.48965
-230.48970
-230.48972
-230.48970
-230.48976
-230.48978
-230.48982
-230.48993
-230.49000
-230.49009
-230.49017
-230.49018
-230.49018
-230.49008
-230.48978
-230.48974
-230.48979
-230.48995
-230.49019
-230.49041
-230.49037
-230.48991
-230.48917
-230.48853
-230.48834
-230.48852
-230.48892
-230.48945
-230.48993
-230.49025
-230.49028
-230.49012
-230.48991
-230.48983
-230.48982
-230.48997
-230.49018
-230.49040
-230.49062
-230.49080
-230.49093
-230.49104
-230.49112
-230.49118
-230.49126
-230.49135
-230.49137
-230.49133
-230.49132
-230.49128
-230.49116
-230.49098
-230.49081
-230.49060
-230.49039
-230.49026
-230.49019
-230.49008
-230.48984
-230.48951
-230.48904
-230.48857
-230.48818
-230.48791
-230.48787
-230.48816
-230.48854
-230.48878
-230.48887
-230.48885
-230.48883
-230.48890
-230.48911
-230.48933
-230.48957
-230.48981
-230.49006
-230.49025
-230.49063
-230.49092
-230.49072
-230.49024
-230.48965
-230.48918
-230.48882
-230.48849
-230.48872
-230.49032
-230.49257
-230.49389
-230.49342
-230.49138
-230.48900
-230.48785
-230.48807
-230.48868
-230.48937
-230.49003
-230.49052
-230.49093
-230.49110
-230.49114
-230.49123
-230.49139
-230.49160
-230.49186
-230.49217
-230.49244
-230.49263
-230.49275
-230.49275
-230.49262
-230.49237
-230.49201
-230.48925
-230.48928
-230.48932
-230.48936
-230.48938
-230.48939
-230.48936
-230.48931
-230.48924
-230.48918
-230.48913
-230.48910
-230.48910
-230.48913
-230.48917
-230.48917
-230.48913
-230.48904
-230.48897
-230.48890
-230.48889
-230.48895
-230.48911
-230.48933
-230.48951
-230.48948
-230.48928
-230.48905
-230.48887
-230.48881
-230.48882
-230.48888
-230.48893
-230.48897
-230.48899
-230.48895
-230.48890
-230.48889
-230.48892
-230.48896
-230.48900
-230.48904
-230.48906
-230.48907
-230.48910
-230.48910
-230.48908
-230.48908
-230.48908
-230.48908
-230.48907
-230.48907
-230.48906
-230.48909
-230.48913
-230.48910
-230.48902
-230.48895
-230.48889
-230.48885
-230.48885
-230.48901
-230.48931
-230.48990
-230.49048
-230.49064
-230.49026
-230.48963
-230.48910
-230.48881
-230.48878
-230.48879
-230.48904
-230.48947
-230.48991
-230.49005
-230.48972
-230.48924
-230.48890
-230.48885
-230.48886
-230.48899
-230.48922
-230.48948
-230.48970
-230.48971
-230.48953
-230.48935
-230.48925
-230.48923
-230.48928
-230.48935
-230.48943
-230.48949
-230.48952
-230.48947
-230.48941
-230.48938
-230.48936
-230.48933
-230.49001
-230.49007
-230.49013
-230.49017
-230.49017
-230.49015
-230.49007
-230.48996
-230.48983
-230.48970
-230.48960
-230.48956
-230.48958
-230.48965
-230.48973
-230.48976
-230.48971
-230.48960
-230.48947
-230.48937
-230.48933
-230.48942
-230.48956
-230.48983
-230.49006
-230.49004
-230.48978
-230.48946
-230.48925
-230.48920
-230.48924
-230.48936
-230.48947
-230.48955
-230.48957
-230.48953
-230.48946
-230.48946
-230.48950
-230.48957
-230.48963
-230.48967
-230.48968
-230.48969
-230.48970
-230.48970
-230.48966
-230.48963
-230.48963
-230.48964
-230.48967
-230.48972
-230.48976
-230.48977
-230.48979
-230.48982
-230.48979
-230.48973
-230.48967
-230.48958
-230.48947
-230.48935
-230.48931
-230.48938
-230.48969
-230.49017
-230.49051
-230.49040
-230.48992
-230.48938
-230.48903
-230.48892
-230.48901
-230.48926
-230.48943
-230.48957
-230.48968
-230.48970
-230.48965
-230.48962
-230.48963
-230.48966
-230.48970
-230.48976
-230.48981
-230.48984
-230.48988
-230.48991
-230.48992
-230.48993
-230.48994
-230.48994
-230.48992
-230.48990
-230.48986
-230.48980
-230.48975
-230.48970
-230.48965
-230.48958
-230.48938
-230.48938
-230.48939
-230.48938
-230.48933
-230.48929
-230.48925
-230.48920
-230.48915
-230.48912
-230.48910
-230.48910
-230.48910
-230.48905
-230.48897
-230.48889
-230.48881
-230.48876
-230.48878
-230.48889
-230.48900
-230.48910
-230.48912
-230.48907
-230.48890
-230.48877
-230.48872
-230.48874
-230.48882
-230.48895
-230.48907
-230.48916
-230.48915
-230.48902
-230.48886
-230.48873
-230.48864
-230.48862
-230.48866
-230.48880
-230.48903
-230.48918
-230.48924
-230.48908
-230.48885
-230.48870
-230.48861
-230.48864
-230.48876
-230.48891
-230.48907
-230.48917
-230.48913
-230.48897
-230.48885
-230.48882
-230.48884
-230.48888
-230.48892
-230.48896
-230.48899
-230.48903
-230.48903
-230.48901
-230.48899
-230.48897
-230.48895
-230.48895
-230.48896
-230.48895
-230.48895
-230.48894
-230.48893
-230.48890
-230.48894
-230.48899
-230.48905
-230.48914
-230.48919
-230.48919
-230.48917
-230.48918
-230.48920
-230.48922
-230.48928
-230.48932
-230.48938
-230.48953
-230.48960
-230.48964
-230.48963
-230.48948
-230.48941
-230.48936
-230.48932
-230.48933
-230.48946
-230.48975
-230.49017
-230.49029
-230.48998
-230.48997
-230.48997
-230.48994
-230.48988
-230.48982
-230.48975
-230.48967
-230.48959
-230.48955
-230.48953
-230.48953
-230.48953
-230.48946
-230.48933
-230.48920
-230.48906
-230.48898
-230.48891
-230.48903
-230.48924
-230.48943
-230.48947
-230.48933
-230.48911
-230.48897
-230.48892
-230.48897
-230.48905
-230.48925
-230.48946
-230.48963
-230.48974
-230.48956
-230.48932
-230.48910
-230.48896
-230.48891
-230.48898
-230.48909
-230.48938
-230.48968
-230.48976
-230.48952
-230.48913
-230.48882
-230.48872
-230.48876
-230.48893
-230.48921
-230.48953
-230.48970
-230.48965
-230.48945
-230.48927
-230.48921
-230.48923
-230.48929
-230.48936
-230.48943
-230.48948
-230.48953
-230.48955
-230.48953
-230.48951
-230.48949
-230.48945
-230.48944
-230.48945
-230.48943
-230.48942
-230.48942
-230.48939
-230.48931
-230.48926
-230.48923
-230.48921
-230.48919
-230.48919
-230.48918
-230.48916
-230.48917
-230.48915
-230.48911
-230.48910
-230.48910
-230.48909
-230.48907
-230.48905
-230.48903
-230.48908
-230.48918
-230.48923
-230.48918
-230.48913
-230.48905
-230.48895
-230.48890
-230.48899
-230.48922
-230.48977
-230.48977
-230.48988
-230.48997
-230.48993
-230.48999
-230.49000
-230.48995
-230.48992
-230.48992
-230.48993
-230.49000
-230.49015
-230.49022
-230.49016
-230.48995
-230.48983
-230.48967
-230.48956
-230.48951
-230.48954
-230.48965
-230.48983
-230.48996
-230.49008
-230.49010
-230.49012
-230.49014
-230.49018
-230.49025
-230.49028
-230.49030
-230.49035
-230.49036
-230.49033
-230.49033
-230.49032
-230.49028
-230.49030
-230.49037
-230.49044
-230.49050
-230.49054
-230.49055
-230.49057
-230.49058
-230.49060
-230.49067
-230.49074
-230.49073
-230.49067
-230.49062
-230.49057
-230.49050
-230.49046
-230.49040
-230.49029
-230.49016
-230.49003
-230.48992
-230.48985
-230.48990
-230.49003
-230.49023
-230.49030
-230.49030
-230.49016
-230.48996
-230.48977
-230.48965
-230.48961
-230.48965
-230.48970
-230.48976
-230.48985
-230.48977
-230.48965
-230.48958
-230.48957
-230.48957
-230.48969
-230.48991
-230.49020
-230.49045
-230.49059
-230.49057
-230.49041
-230.49022
-230.49005
-230.48991
-230.48982
-230.48987
-230.48985
-230.48994
-230.48992
-230.48975
-230.48952
-230.48948
-230.48951
-230.48961
-230.48999
-230.48990
-230.48991
-230.48998
-230.48999
-230.49001
-230.49003
-230.49012
-230.49021
-230.49024
-230.49029
-230.49038
-230.49046
-230.49049
-230.49035
-230.49012
-230.48990
-230.48967
-230.48950
-230.48947
-230.48955
-230.48973
-230.48999
-230.49021
-230.49033
-230.49043
-230.49059
-230.49062
-230.49069
-230.49080
-230.49086
-230.49090
-230.49097
-230.49100
-230.49098
-230.49098
-230.49098
-230.49094
-230.49096
-230.49106
-230.49115
-230.49122
-230.49126
-230.49128
-230.49128
-230.49129
-230.49130
-230.49137
-230.49147
-230.49148
-230.49143
-230.49139
-230.49134
-230.49128
-230.49124
-230.49118
-230.49106
-230.49090
-230.49074
-230.49057
-230.49044
-230.49043
-230.49045
-230.49059
-230.49072
-230.49071
-230.49055
-230.49030
-230.49004
-230.48985
-230.48975
-230.48973
-230.48971
-230.48963
-230.48965
-230.48967
-230.48957
-230.48945
-230.48942
-230.48954
-230.48975
-230.49004
-230.49043
-230.49089
-230.49125
-230.49132
-230.49118
-230.49093
-230.49060
-230.49028
-230.48995
-230.48965
-230.48941
-230.48929
-230.48916
-230.48895
-230.48875
-230.48861
-230.48870
-230.48892
-230.43349
-230.43666
-230.43949
-230.44265
-230.44644
-230.45017
-230.45329
-230.45538
-230.45716
-230.45866
-230.45931
-230.45881
-230.45800
-230.45778
-230.45834
-230.45975
-230.46160
-230.46346
-230.46535
-230.46752
-230.47031
-230.47365
-230.47723
-230.48043
-230.48287
-230.48426
-230.48491
-230.48514
-230.48479
-230.48342
-230.48126
-230.47871
-230.47570
-230.47192
-230.46786
-230.46420
-230.46135
-230.46072
-230.46351
-230.46867
-230.47348
-230.47648
-230.47854
-230.48082
-230.48436
-230.48810
-230.49042
-230.49146
-230.49142
-230.49110
-230.49078
-230.49057
-230.49049
-230.49059
-230.49080
-230.49098
-230.49109
-230.49115
-230.49093
-230.49043
-230.48950
-230.48809
-230.48651
-230.48533
-230.48467
-230.48436
-230.48447
-230.48502
-230.48586
-230.48655
-230.48699
-230.48732
-230.48799
-230.48936
-230.49079
-230.49158
-230.49226
-230.49262
-230.49272
-230.49252
-230.49196
-230.49110
-230.49015
-230.48930
-230.48861
-230.48814
-230.48803
-230.48834
-230.48886
-230.48940
-230.48989
-230.49037
-230.49090
-230.49144
-230.49195
-230.49235
-230.49252
-230.49245
-230.49189
-230.49119
-230.47753
-230.47664
-230.47608
-230.47546
-230.47483
-230.47453
-230.47477
-230.47467
-230.47348
-230.47170
-230.47014
-230.46899
-230.46787
-230.46683
-230.46585
-230.46480
-230.46296
-230.46022
-230.45798
-230.45789
-230.45866
-230.45820
-230.45730
-230.45811
-230.46065
-230.46364
-230.46607
-230.46741
-230.46800
-230.46851
-230.46946
-230.47105
-230.47257
-230.47388
-230.47531
-230.47693
-230.47834
-230.47921
-230.47997
-230.48126
-230.48323
-230.48534
-230.48730
-230.48885
-230.48988
-230.49042
-230.49055
-230.49048
-230.49053
-230.49072
-230.49093
-230.49108
-230.49115
-230.49089
-230.49056
-230.49025
-230.49014
-230.49011
-230.49029
-230.49053
-230.49068
-230.49076
-230.49050
-230.48987
-230.48925
-230.48872
-230.48827
-230.48781
-230.48729
-230.48667
-230.48610
-230.48563
-230.48531
-230.48532
-230.48534
-230.48518
-230.48472
-230.48420
-230.48405
-230.48405
-230.48410
-230.48356
-230.48240
-230.48125
-230.48045
-230.47969
-230.47843
-230.47690
-230.47579
-230.47541
-230.47528
-230.47478
-230.47412
-230.47390
-230.47401
-230.47384
-230.47327
-230.47283
-230.47262
-230.47272
-230.49149
-230.49149
-230.49157
-230.49159
-230.49153
-230.49145
-230.49143
-230.49137
-230.49119
-230.49104
-230.49085
-230.49067
-230.49057
-230.49053
-230.49035
-230.49019
-230.48988
-230.48949
-230.48922
-230.48910
-230.48901
-230.48903
-230.48936
-230.48993
-230.49045
-230.49053
-230.49021
-230.48986
-230.48964
-230.48958
-230.48968
-230.48994
-230.49030
-230.49066
-230.49094
-230.49096
-230.49078
-230.49052
-230.49040
-230.49040
-230.49049
-230.49061
-230.49066
-230.49066
-230.49061
-230.49039
-230.49020
-230.49010
-230.49020
-230.49039
-230.49051
-230.49039
-230.49007
-230.48976
-230.48950
-230.48925
-230.48907
-230.48909
-230.48927
-230.48949
-230.48960
-230.48954
-230.48952
-230.48967
-230.48990
-230.49016
-230.49054
-230.49086
-230.49104
-230.49121
-230.49130
-230.49134
-230.49141
-230.49142
-230.49140
-230.49138
-230.49140
-230.49141
-230.49140
-230.49144
-230.49153
-230.49160
-230.49165
-230.49172
-230.49178
-230.49183
-230.49186
-230.49184
-230.49186
-230.49193
-230.49198
-230.49205
-230.49218
-230.49224
-230.49218
-230.49201
-230.49179
-230.49147
-230.49109
-230.49067
-230.48151
-230.48204
-230.48213
-230.48168
-230.48100
-230.48024
-230.47932
-230.47814
-230.47682
-230.47574
-230.47515
-230.47521
-230.47595
-230.47691
-230.47763
-230.47807
-230.47802
-230.47731
-230.47653
-230.47656
-230.47771
-230.47990
-230.48223
-230.48366
-230.48393
-230.48349
-230.48285
-230.48211
-230.48138
-230.48079
-230.48013
-230.47898
-230.47712
-230.47463
-230.47172
-230.46854
-230.46565
-230.46326
-230.46190
-230.46193
-230.46309
-230.46466
-230.46617
-230.46712
-230.46809
-230.46927
-230.47012
-230.47036
-230.47051
-230.47172
-230.47438
-230.47788
-230.48148
-230.48462
-230.48685
-230.48784
-230.48756
-230.48650
-230.48508
-230.48391
-230.48319
-230.48273
-230.48223
-230.48165
-230.48134
-230.48150
-230.48250
-230.48430
-230.48668
-230.48899
-230.49074
-230.49173
-230.49207
-230.49173
-230.49089
-230.48955
-230.48787
-230.48614
-230.48462
-230.48380
-230.48359
-230.48338
-230.48246
-230.48051
-230.47761
-230.47413
-230.47096
-230.46880
-230.46760
-230.46737
-230.46842
-230.47065
-230.47317
-230.47511
-230.47617
-230.47663
-230.47715
-230.47831
-230.48029
-230.48307
-230.49205
-230.49211
-230.49214
-230.49223
-230.49219
-230.49187
-230.49131
-230.49059
-230.48992
-230.48946
-230.48940
-230.49047
-230.49217
-230.49323
-230.49302
-230.49167
-230.48973
-230.48790
-230.48689
-230.48682
-230.48727
-230.48804
-230.48904
-230.48968
-230.49005
-230.48999
-230.48982
-230.48973
-230.48998
-230.49038
-230.49074
-230.49208
-230.49331
-230.49434
-230.49497
-230.49527
-230.49531
-230.49511
-230.49453
-230.49350
-230.49216
-230.49031
-230.48809
-230.48565
-230.48307
-230.48060
-230.47832
-230.47581
-230.47275
-230.46947
-230.46653
-230.46404
-230.46163
-230.45884
-230.45569
-230.45280
-230.45089
-230.45009
-230.45054
-230.45222
-230.45476
-230.45760
-230.46056
-230.46349
-230.46597
-230.46769
-230.46877
-230.46952
-230.47033
-230.47154
-230.47360
-230.47581
-230.47689
-230.47603
-230.47369
-230.47115
-230.46912
-230.46697
-230.46341
-230.45946
-230.45692
-230.45613
-230.45662
-230.45787
-230.45994
-230.46301
-230.46659
-230.46890
-230.46889
-230.46790
-230.46627
-230.46408
-230.46107
-230.45706
-230.45360
-230.45197
-230.45136
-230.45012
-230.44806
-230.44571
-230.47499
-230.47631
-230.47816
-230.47907
-230.47871
-230.47786
-230.47655
-230.47458
-230.47387
-230.47056
-230.47073
-230.47223
-230.47371
-230.47501
-230.47676
-230.47917
-230.48225
-230.48492
-230.48668
-230.48639
-230.48563
-230.48499
-230.48439
-230.48417
-230.47683
-230.47949
-230.48276
-230.48575
-230.48545
-230.48507
-230.48546
-230.48628
-230.48729
-230.48838
-230.48302
-230.48244
-230.48189
-230.47683
-230.47638
-230.47642
-230.47673
-230.48305
-230.48301
-230.48310
-230.48305
-230.48301
-230.48310
-230.47827
-230.48081
-230.48475
-230.48883
-230.48764
-230.48652
-230.48566
-230.48500
-230.48446
-230.48403
-230.48375
-230.48372
-230.48395
-230.48446
-230.48487
-230.48517
-230.48548
-230.48591
-230.48641
-230.48716
-230.48807
-230.48908
-230.49008
-230.49100
-230.47570
-230.47192
-230.47648
-230.47854
-230.48082
-230.48436
-230.48810
-230.48809
-230.48651
-230.48533
-230.48467
-230.48436
-230.48447
-230.48502
-230.48586
-230.48655
-230.47570
-230.47192
-230.47648
-230.47854
-230.48082
-230.48436
-230.48810
-230.48809
-230.48651
-230.48533
-230.48467
-230.48436
-230.48447
-230.48502
-230.48586
-230.48655
-230.48569
-230.48621
-230.48655
-230.48671
-230.48677
-230.48647
-230.48569
-230.48477
-230.48393
-230.48324
-230.48266
-230.48219
-230.48209
-230.48246
-230.48312
-230.48353
-230.48359
-230.48360
-230.48369
-230.48389
-230.48415
-230.48452
-230.48513
-230.48585
-230.48665
-230.48676
-230.48621
-230.48549
-230.48503
-230.48449
-230.48362
-230.48221
-230.48079
-230.47985
-230.47954
-230.47983
-230.48040
-230.48079
-230.48988
-230.49042
-230.49055
-230.49048
-230.49053
-230.49072
-230.49056
-230.49025
-230.49014
-230.49011
-230.49029
-230.49053
-230.49068
-230.49076
-230.49050
-230.48987
-230.48925
-230.48872
-230.48827
-230.48781
-230.48729
-230.48667
-230.48610
-230.48563
-230.48531
-230.48532
-230.48534
-230.48518
-230.48472
-230.48420
-230.48405
-230.48405
-230.48410
-230.48356
-230.48240
-230.48125
-230.48045
-230.47969
-230.47843
-230.47690
-230.47579
-230.49222
-230.49050
-230.48836
-230.48606
-230.48369
-230.48135
-230.47917
-230.47723
-230.47575
-230.47502
-230.47519
-230.47603
-230.47506
-230.47461
-230.47490
-230.47597
-230.47759
-230.47936
-230.48103
-230.48219
-230.48299
-230.48380
-230.48476
-230.48601
-230.48734
-230.49143
-230.49119
-230.48646
-230.48576
-230.48603
-230.48691
-230.48768
-230.48733
-230.48648
-230.48560
-230.48516
-230.48557
-230.48677
-230.48800
-230.48756
-230.48729
-230.48735
-230.48773
-230.48832
-230.48729
-230.48838
-230.48957
-230.48836
-230.48618
-230.48446
-230.48358
-230.48302
-230.48244
-230.48189
-230.48106
-230.48008
-230.47905
-230.47827
-230.47760
-230.47683
-230.47638
-230.47642
-230.47673
-230.47701
-230.47735
-230.48802
-230.48773
-230.48747
-230.48702
-230.48607
-230.48441
-230.48209
-230.47967
-230.47874
-230.47815
-230.47832
-230.47928
-230.48069
-230.48187
-230.48201
-230.48088
-230.47893
-230.47713
-230.47594
-230.47557
-230.47614
-230.47748
-230.47912
-230.48062
-230.48132
-230.48106
-230.48014
-230.47920
-230.47907
-230.48007
-230.48126
-230.48240
-230.48311
-230.48319
-230.48260
-230.48160
-230.48037
-230.47895
-230.47731
-230.47554
-230.48654
-230.48599
-230.48509
-230.48452
-230.48493
-230.48594
-230.48675
-230.48687
-230.48618
-230.48490
-230.48362
-230.48264
-230.48228
-230.48246
-230.48282
-230.48299
-230.48253
-230.48125
-230.47946
-230.47767
-230.47656
-230.47606
-230.47592
-230.47608
-230.47645
-230.47680
-230.47704
-230.48464
-230.48474
-230.48492
-230.48533
-230.48602
-230.48677
-230.48711
-230.48674
-230.48572
-230.48427
-230.48283
-230.48157
-230.48035
-230.47935
-230.47892
-230.47890
-230.47882
-230.47836
-230.47768
-230.47729
-230.48808
-230.48752
-230.48663
-230.48679
-230.48921
-230.48897
-230.48848
-230.47499
-230.47631
-230.47816
-230.47907
-230.47871
-230.47786
-230.47655
-230.47458
-230.47827
-230.48081
-230.48475
-230.48883
-230.47570
-230.47192
-230.47648
-230.47854
-230.48082
-230.48436
-230.48810
-230.47570
-230.47192
-230.47648
-230.47854
-230.48082
-230.48436
-230.48810
-230.48988
-230.49042
-230.49055
-230.49048
-230.49053
-230.49072
-230.47570
-230.47192
-230.47648
-230.47854
-230.48082
-230.48436
-230.48810
-230.48809
-230.48651
-230.48533
-230.48467
-230.48436
-230.48447
-230.48502
-230.48586
-230.48655
-230.48988
-230.49042
-230.49055
-230.49048
-230.49053
-230.49072
-230.49056
-230.49025
-230.49014
-230.49011
-230.49029
-230.49053
-230.49068
-230.49076
-230.49050
-230.48987
-230.48925
-230.48872
-230.48827
-230.48781
-230.48729
-230.48667
-230.48610
-230.48563
-230.48531
-230.48532
-230.48534
-230.48518
-230.48472
-230.48420
-230.48405
-230.48405
-230.48410
-230.48356
-230.48240
-230.48125
-230.48045
-230.47969
-230.47843
-230.47690
-230.47579
-230.48809
-230.48565
-230.48307
-230.48060
-230.47832