-230.4394601
-230.447334
-230.4535402
-230.457289
-230.4592814
-230.4607684
-230.4629675
-230.4661629
-230.4700408
-230.4743947
-230.477365
-230.4788224
-230.4798187
-230.4806046
-230.481158
-230.4816008
-230.4821321
-230.4825712
-230.4827409
-230.4816377
-230.4793722
-230.4760625
-230.4730664
-230.4716348
-230.4718451
-230.4722915
-230.4721698
-230.4706164
-230.4671259
-230.4623919
-230.4578129
-230.4556618
-230.4553076
-230.4530605
-230.4501161
-230.450747
-230.4570455
-230.4660485
-230.4728819
-230.4755385
-230.4753614
-230.474808
-230.4749408
-230.4762617
-230.4781251
-230.4790327
-230.4786711
-230.4778225
-230.4765052
-230.4745312
-230.4738113
-230.4704946
-230.4706607
-230.4721735
-230.4736568
-230.4749592
-230.4767156
-230.479136
-230.4822244
-230.4849105
-230.4866742
-230.4877664
-230.4886446
-230.4897072
-230.4907256
-230.4915705
-230.4922162
-230.4927033
-230.4930796
-230.4934818
-230.4939172
-230.4941497
-230.4938361
-230.4927365
-230.4912274
-230.4896888
-230.488401
-230.4873531
-230.4863864
-230.4856226
-230.4849769
-230.4843792
-230.4841578
-230.484501
-230.4854898
-230.4869214
-230.488235
-230.4889619
-230.4891353
-230.4892128
-230.4894932
-230.489733
-230.489829
-230.4895818
-230.4890172
-230.4883199
-230.487962
-230.4886741
-230.4905485
-230.4925963
-230.4514333
-230.4567208
-230.4611927
-230.4646095
-230.4675465
-230.4702253
-230.4721882
-230.4736678
-230.4752323
-230.477472
-230.4796083
-230.4809366
-230.4815787
-230.4817853
-230.48142
-230.4808665
-230.4807337
-230.4806525
-230.4806009
-230.4806784
-230.4807891
-230.480623
-230.4804275
-230.4807374
-230.4809366
-230.4811396
-230.4818812
-230.4827114
-230.4831911
-230.4830841
-230.4824199
-230.4813499
-230.4802725
-230.4797264
-230.4796784
-230.4793464
-230.4786305
-230.4773244
-230.4750146
-230.4720074
-230.468849
-230.4660042
-230.4634324
-230.4614436
-230.4609787
-230.4623476
-230.4650965
-230.4683177
-230.4708378
-230.4722989
-230.4733616
-230.4747526
-230.4767894
-230.4794571
-230.4827446
-230.4857444
-230.4879361
-230.4894083
-230.4904599
-230.4908326
-230.4905559
-230.4894821
-230.4882534
-230.487117
-230.4863754
-230.4859215
-230.4854455
-230.4850618
-230.4854529
-230.486272
-230.4872867
-230.4883826
-230.4895781
-230.4904894
-230.4910982
-230.4918694
-230.4926516
-230.4931682
-230.4934117
-230.4931534
-230.4921129
-230.4903603
-230.4883641
-230.4861761
-230.4844493
-230.4835601
-230.4830066
-230.4824199
-230.4818628
-230.4810363
-230.4800474
-230.479018
-230.4782357
-230.4775642
-230.4767857
-230.4763318
-230.4763798
-230.476686
-230.4769702
-230.4773059
-230.4792025
-230.481254
-230.4814237
-230.480361
-230.4787486
-230.4770071
-230.4750441
-230.4729631
-230.4709558
-230.4695427
-230.469336
-230.4696017
-230.4699264
-230.4708119
-230.4721993
-230.4737785
-230.47514
-230.4759481
-230.4762912
-230.4760772
-230.4751659
-230.4733394
-230.4715868
-230.4703433
-230.4694061
-230.4681258
-230.4660226
-230.4631151
-230.4598939
-230.4570713
-230.4553629
-230.4555068
-230.4577686
-230.4617647
-230.4662662
-230.4702769
-230.4732546
-230.4754463
-230.4774055
-230.4794275
-230.4815012
-230.4837593
-230.4856669
-230.4868292
-230.4873605
-230.4875155
-230.4874712
-230.4874343
-230.4875303
-230.4876778
-230.4878586
-230.4882018
-230.4885302
-230.488615
-230.4886335
-230.4889397
-230.4894231
-230.4900909
-230.4908547
-230.4914266
-230.4911278
-230.4895891
-230.4871871
-230.4848146
-230.4833387
-230.4828258
-230.4824421
-230.4813056
-230.4787929
-230.4748116
-230.470502
-230.4673805
-230.4658455
-230.4656241
-230.4671702
-230.4709817
-230.4759001
-230.4799589
-230.4822539
-230.4830287
-230.4829882
-230.4830804
-230.4842537
-230.4866521
-230.4892681
-230.4913086
-230.4923528
-230.4924229
-230.4915816
-230.4902791
-230.4887405
-230.487117
-230.4857813
-230.4849474
-230.4846633
-230.4849806
-230.4857038
-230.4863532
-230.4870321
-230.4877295
-230.4792025
-230.481254
-230.4814237
-230.480361
-230.4787486
-230.4770071
-230.4750441
-230.4729631
-230.4709558
-230.4695427
-230.469336
-230.4696017
-230.4699264
-230.4708119
-230.4721993
-230.4737785
-230.47514
-230.4759481
-230.4762912
-230.4760772
-230.4751659
-230.4733394
-230.4715868
-230.4703433
-230.4694061
-230.4681258
-230.4660226
-230.4631151
-230.4598939
-230.4570713
-230.4553629
-230.4555068
-230.4577686
-230.4617647
-230.4662662
-230.4702769
-230.4732546
-230.4754463
-230.4774055
-230.4794275
-230.4815012
-230.4837593
-230.4856669
-230.4868292
-230.4873605
-230.4875155
-230.4874712
-230.4874343
-230.4875303
-230.4876778
-230.4878586
-230.4882018
-230.4885302
-230.488615
-230.4886335
-230.4889397
-230.4894231
-230.4900909
-230.4908547
-230.4914266
-230.4911278
-230.4895891
-230.4871871
-230.4848146
-230.4833387
-230.4828258
-230.4824421
-230.4813056
-230.4787929
-230.4748116
-230.470502
-230.4673805
-230.4658455
-230.4656241
-230.4671702
-230.4709817
-230.4759001
-230.4799589
-230.4822539
-230.4830287
-230.4829882
-230.4830804
-230.4842537
-230.4866521
-230.4892681
-230.4913086
-230.4923528
-230.4924229
-230.4915816
-230.4902791
-230.4887405
-230.487117
-230.4857813
-230.4849474
-230.4846633
-230.4849806
-230.4857038
-230.4863532
-230.4870321
-230.4877295
-230.4374823
-230.4366817
-230.4369252
-230.4386114
-230.4415042
-230.4448729
-230.4482638
-230.4517986
-230.4563481
-230.4614436
-230.4654286
-230.4683656
-230.4707529
-230.4726494
-230.474129
-230.4753725
-230.4763761
-230.4774757
-230.4780586
-230.4777524
-230.4772506
-230.477269
-230.477697
-230.4780992
-230.4778446
-230.4763613
-230.473701
-230.4702585
-230.4668639
-230.4644434
-230.4629601
-230.4622591
-230.4634804
-230.466779
-230.4707529
-230.4740294
-230.4758595
-230.4765348
-230.4769812
-230.4782284
-230.4807817
-230.4847408
-230.4888364
-230.4919432
-230.4933896
-230.4936147
-230.4929062
-230.4918288
-230.4906592
-230.4897589
-230.4893124
-230.4892275
-230.4893013
-230.489305
-230.4892165
-230.4892681
-230.4896592
-230.4903013
-230.4910466
-230.4914488
-230.491268
-230.4903382
-230.4889951
-230.4876446
-230.4865119
-230.4856522
-230.484988
-230.4844493
-230.4840139
-230.4837298
-230.4837077
-230.4839364
-230.4844456
-230.4848626
-230.4851614
-230.4854751
-230.4859068
-230.4864012
-230.4871539
-230.4880763
-230.4890873
-230.4900873
-230.4910134
-230.4916001
-230.492065
-230.4923196
-230.4926553
-230.4930206
-230.4935556
-230.4941386
-230.4945998
-230.4947991
-230.4947769
-230.4946478
-230.4945629
-230.4945925
-230.494681
-230.4947031
-230.4943231
-230.4934339
-230.4332723
-230.4364603
-230.439294
-230.4424746
-230.446275
-230.4500238
-230.4531528
-230.4552522
-230.4570344
-230.4585435
-230.4591966
-230.4586985
-230.457883
-230.4576653
-230.4582262
-230.4596394
-230.4614953
-230.4633623
-230.4652589
-230.4674432
-230.47024
-230.4735977
-230.4771915
-230.4803979
-230.4828516
-230.4842464
-230.4848958
-230.4851282
-230.484774
-230.4834051
-230.4812355
-230.4786711
-230.4756492
-230.4718525
-230.467779
-230.4641113
-230.4612481
-230.4606098
-230.4634177
-230.4685907
-230.4734243
-230.4764315
-230.4785014
-230.4807927
-230.4843497
-230.4881059
-230.4904341
-230.4914709
-230.4914377
-230.491113
-230.4907957
-230.490578
-230.4904968
-230.4906001
-230.4908178
-230.4909912
-230.4911019
-230.4911647
-230.4909396
-230.4904415
-230.4895117
-230.4880948
-230.4865008
-230.4853164
-230.4846596
-230.4843497
-230.484453
-230.4850101
-230.4858514
-230.4865451
-230.4869879
-230.4873236
-230.4879952
-230.4893641
-230.4907994
-230.4916001
-230.4922753
-230.4926443
-230.4927439
-230.4925409
-230.4919727
-230.491113
-230.490161
-230.4893087
-230.488615
-230.4881391
-230.4880357
-230.4883383
-230.4888623
-230.4894083
-230.4898954
-230.4903861
-230.4909101
-230.4914525
-230.4919653
-230.4923712
-230.4925373
-230.4924745
-230.4919063
-230.4912053
-230.4332723
-230.4364603
-230.439294
-230.4424746
-230.446275
-230.4500238
-230.4531528
-230.4552522
-230.4570344
-230.4585435
-230.4591966
-230.4586985
-230.457883
-230.4576653
-230.4582262
-230.4596394
-230.4614953
-230.4633623
-230.4652589
-230.4674432
-230.47024
-230.4735977
-230.4771915
-230.4803979
-230.4828516
-230.4842464
-230.4848958
-230.4851282
-230.484774
-230.4834051
-230.4812355
-230.4786711
-230.4756492
-230.4718525
-230.467779
-230.4641113
-230.4612481
-230.4606098
-230.4634177
-230.4685907
-230.4734243
-230.4764315
-230.4785014
-230.4807927
-230.4843497
-230.4881059
-230.4904341
-230.4914709
-230.4914377
-230.491113
-230.4907957
-230.490578
-230.4904968
-230.4906001
-230.4908178
-230.4909912
-230.4911019
-230.4911647
-230.4909396
-230.4904415
-230.4895117
-230.4880948
-230.4865008
-230.4853164
-230.4846596
-230.4843497
-230.484453
-230.4850101
-230.4858514
-230.4865451
-230.4869879
-230.4873236
-230.4879952
-230.4893641
-230.4907994
-230.4916001
-230.4922753
-230.4926443
-230.4927439
-230.4925409
-230.4919727
-230.491113
-230.490161
-230.4893087
-230.488615
-230.4881391
-230.4880357
-230.4883383
-230.4888623
-230.4894083
-230.4898954
-230.4903861
-230.4909101
-230.4914525
-230.4919653
-230.4923712
-230.4925373
-230.4924745
-230.4919063
-230.4912053
-230.4656426
-230.4671037
-230.4676646
-230.4679376
-230.4683656
-230.4686756
-230.4677273
-230.4649969
-230.4613219
-230.4585435
-230.4578055
-230.4580232
-230.4577059
-230.4579384
-230.4594401
-230.461975
-230.4646427
-230.4662809
-230.4667237
-230.4665724
-230.4667163
-230.4670558
-230.4664138
-230.4649784
-230.4637165
-230.4626908
-230.4614769
-230.4590896
-230.4554847
-230.4516031
-230.4484188
-230.4461422
-230.4442162
-230.442589
-230.4422864
-230.4439284
-230.4474447
-230.4513632
-230.4536804
-230.454636
-230.4563739
-230.4593848
-230.4627166
-230.4657533
-230.4681221
-230.4696534
-230.4711625
-230.4730664
-230.4750773
-230.4771436
-230.4791803
-230.4808776
-230.482169
-230.4829882
-230.483276
-230.4835674
-230.4838774
-230.4841394
-230.4841062
-230.4842205
-230.4846412
-230.4851946
-230.4856854
-230.4862019
-230.4865488
-230.4867111
-230.4867665
-230.4864639
-230.485678
-230.4847629
-230.483918
-230.4832206
-230.4826413
-230.4821727
-230.4820694
-230.4824421
-230.4831062
-230.4835158
-230.4835711
-230.4835859
-230.4836781
-230.4838737
-230.4841357
-230.4845046
-230.4851245
-230.4858403
-230.4866447
-230.4867554
-230.4862093
-230.4854824
-230.4850175
-230.4844825
-230.4836043
-230.4821912
-230.4807632
-230.479815
-230.4795087
-230.4798039
-230.4803684
-230.4807669
-230.4774904
-230.4766012
-230.4760366
-230.4754131
-230.4747748
-230.4744796
-230.4747157
-230.4746161
-230.473428
-230.4716385
-230.470074
-230.4689191
-230.4677937
-230.4667421
-230.4657644
-230.4647091
-230.4628605
-230.4601153
-230.4578572
-230.4577686
-230.4585398
-230.4580786
-230.457182
-230.4579937
-230.460547
-230.4635394
-230.4659821
-230.4673251
-230.4679192
-230.4684321
-230.4693914
-230.4709854
-230.4725129
-230.4738228
-230.4752618
-230.4768853
-230.4783022
-230.4791803
-230.4799404
-230.4812318
-230.4832095
-230.4853348
-230.4872978
-230.4888512
-230.4898917
-230.4904341
-230.4905595
-230.4904894
-230.4905448
-230.4907367
-230.4909396
-230.4910982
-230.4911684
-230.4909064
-230.4905706
-230.4902644
-230.4901463
-230.4901242
-230.4903013
-230.4905374
-230.4906887
-230.4907735
-230.4905116
-230.4898806
-230.4892534
-230.488722
-230.4882756
-230.4878144
-230.4872904
-230.4866705
-230.4860986
-230.485619
-230.4853053
-230.4853127
-230.4853348
-230.4851688
-230.4847076
-230.484191
-230.4840324
-230.484036
-230.484084
-230.4835453
-230.4823757
-230.4812208
-230.4804238
-230.47966
-230.4783907
-230.4768558
-230.4757415
-230.4753614
-230.4752323
-230.4747268
-230.4740626
-230.4738486
-230.4739556
-230.4737822
-230.4732177
-230.4727749
-230.4725572
-230.4726568
-230.4484778
-230.4550677
-230.4603478
-230.4646759
-230.4683546
-230.4718082
-230.4750994
-230.4784756
-230.4818001
-230.4846596
-230.4865266
-230.4871465
-230.4867665
-230.4860064
-230.4852795
-230.4845268
-230.483442
-230.4819181
-230.480361
-230.4792467
-230.4786084
-230.4779848
-230.4766897
-230.4742324
-230.4708341
-230.4667901
-230.4621668
-230.4557134
-230.4475849
-230.4417034
-230.4431019
-230.4513042
-230.4612075
-230.4694283
-230.4755607
-230.4800216
-230.483062
-230.4848884
-230.4863385
-230.4881206
-230.4903013
-230.492231
-230.4933306
-230.4933084
-230.4922421
-230.4905116
-230.4883604
-230.486058
-230.4836745
-230.4813278
-230.4791324
-230.4771879
-230.4757046
-230.474974
-230.4751363
-230.4759813
-230.4750072
-230.4745571
-230.4748522
-230.475926
-230.4775494
-230.4793279
-230.4810031
-230.4821653
-230.4829734
-230.4837815
-230.4847519
-230.485999
-230.4873384
-230.4885966
-230.4895891
-230.4904562
-230.4911351
-230.4914488
-230.4912089
-230.4904562
-230.4892054
-230.4877553
-230.4864565
-230.4857555
-230.4860285
-230.4869067
-230.4876852
-230.487331
-230.4864713
-230.4855968
-230.485154
-230.4855636
-230.4867665
-230.4880726
-230.488877
-230.4889508
-230.4885117
-230.4879988
-230.4875561
-230.4872904
-230.4873458
-230.4877258
-230.4883199
-230.489032
-230.4514333
-230.4567208
-230.4611927
-230.4646095
-230.4675465
-230.4702253
-230.4721882
-230.4736678
-230.4752323
-230.477472
-230.4796083
-230.4809366
-230.4815787
-230.4817853
-230.48142
-230.4808665
-230.4807337
-230.4806525
-230.4806009
-230.4806784
-230.4807891
-230.480623
-230.4804275
-230.4807374
-230.4809366
-230.4811396
-230.4818812
-230.4827114
-230.4831911
-230.4830841
-230.4824199
-230.4813499
-230.4802725
-230.4797264
-230.4796784
-230.4793464
-230.4786305
-230.4773244
-230.4750146
-230.4720074
-230.468849
-230.4660042
-230.4634324
-230.4614436
-230.4609787
-230.4623476
-230.4650965
-230.4683177
-230.4708378
-230.4722989
-230.4733616
-230.4747526
-230.4767894
-230.4794571
-230.4827446
-230.4857444
-230.4879361
-230.4894083
-230.4904599
-230.4908326
-230.4905559
-230.4894821
-230.4882534
-230.487117
-230.4863754
-230.4859215
-230.4854455
-230.4850618
-230.4854529
-230.486272
-230.4872867
-230.4883826
-230.4895781
-230.4904894
-230.4910982
-230.4918694
-230.4926516
-230.4931682
-230.4934117
-230.4931534
-230.4921129
-230.4903603
-230.4883641
-230.4861761
-230.4844493
-230.4835601
-230.4830066
-230.4824199
-230.4818628
-230.4810363
-230.4800474
-230.479018
-230.4782357
-230.4775642
-230.4767857
-230.4763318
-230.4763798
-230.476686
-230.4769702
-230.4773059
-230.4814901
-230.4820214
-230.48211
-230.4816562
-230.4809735
-230.4802061
-230.479291
-230.4781029
-230.4767746
-230.4756898
-230.4751031
-230.4751622
-230.4759038
-230.4768705
-230.47759
-230.4780291
-230.4779775
-230.4772727
-230.4764905
-230.4765163
-230.4776675
-230.4798703
-230.4822059
-230.4836486
-230.4839143
-230.4834752
-230.4828295
-230.4820915
-230.4813536
-230.4807632
-230.4801028
-230.4789479
-230.4770772
-230.4745755
-230.4716569
-230.4684653
-230.4655651
-230.4631631
-230.4618016
-230.4618237
-230.4629897
-230.4645726
-230.4660817
-230.4670336
-230.4680151
-230.4691995
-230.4700519
-230.470288
-230.4704467
-230.4716532
-230.474332
-230.4778409
-230.4814532
-230.4846043
-230.4868513
-230.4878439
-230.4875561
-230.4864971
-230.4850692
-230.4838995
-230.4831763
-230.4827077
-230.4822096
-230.4816303
-230.4813167
-230.4814754
-230.482479
-230.484287
-230.4866779
-230.4889988
-230.4907514
-230.4917513
-230.4920834
-230.491744
-230.4909064
-230.4895559
-230.4878734
-230.4861392
-230.484608
-230.4837888
-230.4835711
-230.4833645
-230.4824347
-230.4804791
-230.4775679
-230.4740811
-230.4708968
-230.4687235
-230.4675244
-230.4672919
-230.4683398
-230.4705869
-230.4731144
-230.4750626
-230.4761215
-230.4765901
-230.4771104
-230.4782726
-230.4802651
-230.4830509
-230.4815123
-230.4800732
-230.4794534
-230.4794386
-230.4797965
-230.480409
-230.4812171
-230.4821912
-230.4832427
-230.484025
-230.4844419
-230.4841578
-230.4832796
-230.4817226
-230.4792098
-230.4756677
-230.4713322
-230.4664912
-230.4616244
-230.4577133
-230.4554958
-230.454732
-230.454946
-230.4562226
-230.4586985
-230.4617093
-230.4644729
-230.4665355
-230.4684062
-230.4708857
-230.4741955
-230.4783354
-230.4825122
-230.4859178
-230.4880763
-230.4890246
-230.4891168
-230.4887848
-230.4884195
-230.488021
-230.4877295
-230.4874675
-230.4870174
-230.4860654
-230.484394
-230.4820694
-230.4796342
-230.478708
-230.4781103
-230.4782874
-230.4792467
-230.4806599
-230.4818443
-230.4819919
-230.4808518
-230.4788962
-230.4770882
-230.4758964
-230.4755201
-230.476092
-230.4774424
-230.4790844
-230.4805935
-230.4812982
-230.4810363
-230.4801101
-230.4791619
-230.4790401
-230.4800437
-230.4812392
-230.4823793
-230.4830878
-230.4831763
-230.4825786
-230.4815787
-230.4803389
-230.478911
-230.4772653
-230.4754869
-230.4739556
-230.4730627
-230.4728229
-230.4731439
-230.4740516
-230.4736494
-230.4734206
-230.4735239
-230.4742287
-230.4753061
-230.4761695
-230.4767894
-230.4772727
-230.4774867
-230.4774609
-230.4773945
-230.4774683
-230.4774535
-230.4772506
-230.4765643
-230.4752323
-230.4895375
-230.4895412
-230.4897367
-230.4900208
-230.4902939
-230.4905595
-230.4905485
-230.4903935
-230.4902681
-230.4900983
-230.4901205
-230.4900651
-230.4901094
-230.4902053
-230.4904341
-230.4906407
-230.4908326
-230.4908806
-230.4906665
-230.490364
-230.490054
-230.4897958
-230.4896777
-230.4897626
-230.4899766
-230.4902865
-230.4906149
-230.4908842
-230.4905743
-230.4901315
-230.4896814
-230.4895485
-230.4896187
-230.4898437
-230.4901205
-230.4904009
-230.4905226
-230.4905669
-230.4905116
-230.490412
-230.4903861
-230.4903345
-230.4902459
-230.4902127
-230.4901684
-230.4900836
-230.4899876
-230.4899138
-230.4898769
-230.4898806
-230.4899729
-230.4900762
-230.4901315
-230.4902164
-230.4902164
-230.4900577
-230.4898179
-230.4896629
-230.489519
-230.4894342
-230.4894784
-230.489626
-230.4898216
-230.4901389
-230.4903271
-230.4902828
-230.490054
-230.489888
-230.4897367
-230.489615
-230.489626
-230.4897367
-230.4898585
-230.4900282
-230.4901537
-230.4900725
-230.4898216
-230.4894711
-230.4889397
-230.4885007
-230.4883272
-230.48839
-230.4886519
-230.4890799
-230.4894415
-230.4894932
-230.4892755
-230.4889803
-230.4886999
-230.488615
-230.4888401
-230.4892866
-230.4898253
-230.4903345
-230.4906001
-230.4904267
-230.4898327
-230.4889434
-230.4880173
-230.4873531
-230.4893714
-230.4894711
-230.4894932
-230.4896297
-230.4899987
-230.49053
-230.4907588
-230.4902754
-230.4891279
-230.4878107
-230.4870469
-230.4870875
-230.4876262
-230.4884232
-230.4892423
-230.4898511
-230.4900688
-230.490257
-230.4902422
-230.4900614
-230.4896814
-230.489187
-230.4887147
-230.4882977
-230.4880616
-230.4879103
-230.4877295
-230.4872609
-230.4865303
-230.4857776
-230.4853533
-230.4855304
-230.4866779
-230.4885671
-230.4903714
-230.4913086
-230.4910503
-230.489781
-230.4880542
-230.486475
-230.4858145
-230.4859252
-230.4863126
-230.4866226
-230.4865377
-230.4859806
-230.4850839
-230.4845083
-230.4849216
-230.4859363
-230.486748
-230.4868624
-230.4861761
-230.4848921
-230.483608
-230.4826192
-230.4822539
-230.4824384
-230.4828
-230.4829697
-230.4825122
-230.4812281
-230.4794312
-230.4776343
-230.4765126
-230.4760182
-230.4758706
-230.476033
-230.4764056
-230.4767525
-230.476996
-230.4771473
-230.4775605
-230.4784719
-230.4796194
-230.4805751
-230.4814975
-230.482645
-230.4839733
-230.4853422
-230.4863274
-230.4867074
-230.4866263
-230.4860876
-230.4850766
-230.4841283
-230.4833608
-230.4829771
-230.4824568
-230.4812134
-230.4793168
-230.4773022
-230.4753909
-230.4731033
-230.4703987
-230.4677753
-230.4658566
-230.4643032
-230.461879
-230.4572705
-230.4880653
-230.4878365
-230.4877775
-230.4877701
-230.4877701
-230.4879398
-230.4881428
-230.4884674
-230.4889102
-230.4893419
-230.4895744
-230.4896703
-230.4896961
-230.4894748
-230.4889877
-230.4884084
-230.4879546
-230.4876004
-230.4875118
-230.4875708
-230.4877922
-230.4881206
-230.4885302
-230.4889028
-230.4891906
-230.4895707
-230.4900873
-230.4906296
-230.4911647
-230.491696
-230.492065
-230.49229
-230.4925889
-230.492766
-230.4928398
-230.4929394
-230.4930169
-230.4930022
-230.4930538
-230.4932641
-230.4934486
-230.4935114
-230.4934634
-230.4933158
-230.4931461
-230.4930132
-230.4929173
-230.4929099
-230.493028
-230.4931018
-230.4930649
-230.4930538
-230.4931055
-230.4931571
-230.4932604
-230.4933859
-230.4934007
-230.4932715
-230.4929579
-230.4924487
-230.4918104
-230.4911351
-230.4905817
-230.4902275
-230.4900909
-230.4900393
-230.4898216
-230.4894526
-230.4888623
-230.488235
-230.4876963
-230.4872609
-230.4869989
-230.4868993
-230.4871244
-230.4872793
-230.4870801
-230.4863606
-230.4854714
-230.4848035
-230.4846264
-230.484726
-230.4849068
-230.4853201
-230.4860174
-230.4867665
-230.4871059
-230.4867406
-230.4857112
-230.4842611
-230.4828074
-230.4815491
-230.4803205
-230.4793205
-230.4788888
-230.478863
-230.4787892
-230.478328
-230.4776417
-230.4772506
-230.4895633
-230.4894711
-230.4895375
-230.4897035
-230.4897109
-230.4897404
-230.4898105
-230.4899175
-230.4900762
-230.4902607
-230.4904267
-230.4905153
-230.4906186
-230.4905005
-230.490209
-230.4897921
-230.4894858
-230.4891132
-230.4888955
-230.4889028
-230.4890615
-230.4893345
-230.4897146
-230.4900799
-230.4903529
-230.4906075
-230.4908473
-230.4910429
-230.4913233
-230.49153
-230.4916739
-230.4917587
-230.4918842
-230.491958
-230.4919653
-230.4919985
-230.492017
-230.4919764
-230.4920096
-230.4921092
-230.492183
-230.4922568
-230.492279
-230.4922458
-230.4922089
-230.492183
-230.4921683
-230.492231
-230.4923601
-230.4924155
-230.4923712
-230.4923417
-230.4923232
-230.4922937
-230.4922937
-230.4922827
-230.4921793
-230.4919985
-230.4917956
-230.4915336
-230.4911979
-230.4908363
-230.490733
-230.4907772
-230.49084
-230.4908621
-230.4906518
-230.4903308
-230.4899434
-230.4895707
-230.4893124
-230.4891316
-230.4889213
-230.4886446
-230.4885781
-230.4885412
-230.4883752
-230.4881686
-230.4881464
-230.4883789
-230.4887073
-230.4889619
-230.489412
-230.4899987
-230.4905964
-230.4909617
-230.4909211
-230.4905005
-230.4898474
-230.4891021
-230.4883641
-230.4875856
-230.4867074
-230.4859547
-230.4855894
-230.4854492
-230.4851762
-230.4848404
-230.4849216
-230.4853348
-230.4932678
-230.4933232
-230.4934449
-230.4935446
-230.4935741
-230.4934154
-230.4930723
-230.4925483
-230.4921498
-230.491803
-230.4916406
-230.4916739
-230.4917919
-230.4921092
-230.4924635
-230.4926369
-230.4925446
-230.492397
-230.4923491
-230.4922753
-230.4922974
-230.492445
-230.4926074
-230.492814
-230.4928472
-230.4924782
-230.4915595
-230.4906038
-230.4897367
-230.4891537
-230.4886815
-230.4888549
-230.4893604
-230.4897699
-230.4896556
-230.4889729
-230.4880173
-230.4874823
-230.4872683
-230.4874306
-230.4878734
-230.488283
-230.4883346
-230.488069
-230.4878955
-230.487973
-230.4882165
-230.4885486
-230.4889693
-230.489401
-230.48984
-230.4903049
-230.4906555
-230.4909248
-230.4912717
-230.4916037
-230.4918694
-230.4920908
-230.4924229
-230.492707
-230.4927771
-230.4927033
-230.492552
-230.492386
-230.4922937
-230.492397
-230.4920834
-230.4910503
-230.489567
-230.487973
-230.4866152
-230.4855784
-230.4851909
-230.4855747
-230.4864012
-230.487224
-230.4878918
-230.48808
-230.4875192
-230.4866263
-230.4867886
-230.4881796
-230.4901131
-230.4919358
-230.4933785
-230.4942678
-230.4946183
-230.4946995
-230.4944891
-230.4940021
-230.4934302
-230.4928989
-230.4923343
-230.4916333
-230.4909064
-230.4902053
-230.4895854
-230.4892165
-230.4889766
-230.4884859
-230.4925483
-230.4925077
-230.4925852
-230.4926074
-230.4925409
-230.4924561
-230.4924081
-230.4922531
-230.4920059
-230.4917809
-230.4915004
-230.4912237
-230.4909322
-230.4907182
-230.490471
-230.4901278
-230.4895781
-230.4889434
-230.4885191
-230.4883235
-230.4881169
-230.4880357
-230.4885597
-230.4895522
-230.4903566
-230.4904378
-230.4898511
-230.489246
-230.4890357
-230.489139
-230.4894157
-230.4898068
-230.4903345
-230.4909285
-230.4914857
-230.4917661
-230.4916111
-230.4913528
-230.4913012
-230.4913528
-230.4915115
-230.491744
-230.4918583
-230.4918214
-230.4916923
-230.4912643
-230.4907883
-230.4905079
-230.4904009
-230.4904193
-230.4904267
-230.4901869
-230.4896629
-230.4891095
-230.4886741
-230.4882756
-230.487914
-230.4879656
-230.4885929
-230.489353
-230.489626
-230.4891943
-230.4885523
-230.4884342
-230.4888401
-230.4893567
-230.4899766
-230.4906481
-230.49122
-230.4916886
-230.4920502
-230.4921314
-230.4922089
-230.4923196
-230.4923712
-230.4923749
-230.4924339
-230.492493
-230.4925114
-230.4926332
-230.4928583
-230.4930649
-230.4932272
-230.4933601
-230.4934486
-230.4935409
-230.4936036
-230.4935556
-230.4935446
-230.4936479
-230.493729
-230.4937733
-230.4938803
-230.4939357
-230.4938693
-230.4936737
-230.4933711
-230.4928546
-230.4920576
-230.4911647
-230.4394601
-230.447334
-230.4535402
-230.457289
-230.4592814
-230.4607684
-230.4629675
-230.4661629
-230.4700408
-230.4743947
-230.477365
-230.4788224
-230.4798187
-230.4806046
-230.481158
-230.4816008
-230.4821321
-230.4825712
-230.4827409
-230.4816377
-230.4793722
-230.4760625
-230.4730664
-230.4716348
-230.4718451
-230.4722915
-230.4721698
-230.4706164
-230.4671259
-230.4623919
-230.4578129
-230.4556618
-230.4553076
-230.4530605
-230.4501161
-230.450747
-230.4570455
-230.4660485
-230.4728819
-230.4755385
-230.4753614
-230.474808
-230.4749408
-230.4762617
-230.4781251
-230.4790327
-230.4786711
-230.4778225
-230.4765052
-230.4745312
-230.4514333
-230.4567208
-230.4611927
-230.4646095
-230.4675465
-230.4702253
-230.4721882
-230.4736678
-230.4752323
-230.477472
-230.4796083
-230.4809366
-230.4815787
-230.4817853
-230.48142
-230.4808665
-230.4807337
-230.4806525
-230.4806009
-230.4806784
-230.4807891
-230.480623
-230.4804275
-230.4807374
-230.4809366
-230.4811396
-230.4818812
-230.4827114
-230.4831911
-230.4830841
-230.4824199
-230.4813499
-230.4802725
-230.4797264
-230.4796784
-230.4793464
-230.4786305
-230.4773244
-230.4750146
-230.4720074
-230.468849
-230.4660042
-230.4634324
-230.4614436
-230.4609787
-230.4623476
-230.4650965
-230.4683177
-230.4708378
-230.4722989
-230.4792025
-230.481254
-230.4814237
-230.480361
-230.4787486
-230.4770071
-230.4750441
-230.4729631
-230.4709558
-230.4695427
-230.469336
-230.4696017
-230.4699264
-230.4708119
-230.4721993
-230.4737785
-230.47514
-230.4759481
-230.4762912
-230.4760772
-230.4751659
-230.4733394
-230.4715868
-230.4703433
-230.4694061
-230.4681258
-230.4660226
-230.4631151
-230.4598939
-230.4570713
-230.4553629
-230.4555068
-230.4577686
-230.4617647
-230.4662662
-230.4702769
-230.4732546
-230.4754463
-230.4774055
-230.4794275
-230.4815012
-230.4837593
-230.4856669
-230.4868292
-230.4873605
-230.4875155
-230.4874712
-230.4874343
-230.4875303
-230.4876778
-230.4792025
-230.481254
-230.4814237
-230.480361
-230.4787486
-230.4770071
-230.4750441
-230.4729631
-230.4709558
-230.4695427
-230.469336
-230.4696017
-230.4699264
-230.4708119
-230.4721993
-230.4737785
-230.47514
-230.4759481
-230.4762912
-230.4760772
-230.4751659
-230.4733394
-230.4715868
-230.4703433
-230.4694061
-230.4681258
-230.4660226
-230.4631151
-230.4598939
-230.4570713
-230.4553629
-230.4555068
-230.4577686
-230.4617647
-230.4662662
-230.4702769
-230.4732546
-230.4754463
-230.4774055
-230.4794275
-230.4815012
-230.4837593
-230.4856669
-230.4868292
-230.4873605
-230.4875155
-230.4874712
-230.4874343
-230.4875303
-230.4876778
-230.4374823
-230.4366817
-230.4369252
-230.4386114
-230.4415042
-230.4448729
-230.4482638
-230.4517986
-230.4563481
-230.4614436
-230.4654286
-230.4683656
-230.4707529
-230.4726494
-230.474129
-230.4753725
-230.4763761
-230.4774757
-230.4780586
-230.4777524
-230.4772506
-230.477269
-230.477697
-230.4780992
-230.4778446
-230.4763613
-230.473701
-230.4702585
-230.4668639
-230.4644434
-230.4629601
-230.4622591
-230.4634804
-230.466779
-230.4707529
-230.4740294
-230.4758595
-230.4765348
-230.4769812
-230.4782284
-230.4807817
-230.4847408
-230.4888364
-230.4919432
-230.4933896
-230.4936147
-230.4929062
-230.4918288
-230.4906592
-230.4897589
-230.4332723
-230.4364603
-230.439294
-230.4424746
-230.446275
-230.4500238
-230.4531528
-230.4552522
-230.4570344
-230.4585435
-230.4591966
-230.4586985
-230.457883
-230.4576653
-230.4582262
-230.4596394
-230.4614953
-230.4633623
-230.4652589
-230.4674432
-230.47024
-230.4735977
-230.4771915
-230.4803979
-230.4828516
-230.4842464
-230.4848958
-230.4851282
-230.484774
-230.4834051
-230.4812355
-230.4786711
-230.4756492
-230.4718525
-230.467779
-230.4641113
-230.4612481
-230.4606098
-230.4634177
-230.4685907
-230.4734243
-230.4764315
-230.4785014
-230.4807927
-230.4843497
-230.4881059
-230.4904341
-230.4914709
-230.4914377
-230.491113
-230.4332723
-230.4364603
-230.439294
-230.4424746
-230.446275
-230.4500238
-230.4531528
-230.4552522
-230.4570344
-230.4585435
-230.4591966
-230.4586985
-230.457883
-230.4576653
-230.4582262
-230.4596394
-230.4614953
-230.4633623
-230.4652589
-230.4674432
-230.47024
-230.4735977
-230.4771915
-230.4803979
-230.4828516
-230.4842464
-230.4848958
-230.4851282
-230.484774
-230.4834051
-230.4812355
-230.4786711
-230.4756492
-230.4718525
-230.467779
-230.4641113
-230.4612481
-230.4606098
-230.4634177
-230.4685907
-230.4734243
-230.4764315
-230.4785014
-230.4807927
-230.4843497
-230.4881059
-230.4904341
-230.4914709
-230.4914377
-230.491113
-230.4656426
-230.4671037
-230.4676646
-230.4679376
-230.4683656
-230.4686756
-230.4677273
-230.4649969
-230.4613219
-230.4585435
-230.4578055
-230.4580232
-230.4577059
-230.4579384
-230.4594401
-230.461975
-230.4646427
-230.4662809
-230.4667237
-230.4665724
-230.4667163
-230.4670558
-230.4664138
-230.4649784
-230.4637165
-230.4626908
-230.4614769
-230.4590896
-230.4554847
-230.4516031
-230.4484188
-230.4461422
-230.4442162
-230.442589
-230.4422864
-230.4439284
-230.4474447
-230.4513632
-230.4536804
-230.454636
-230.4563739
-230.4593848
-230.4627166
-230.4657533
-230.4681221
-230.4696534
-230.4711625
-230.4730664
-230.4750773
-230.4771436
-230.4774904
-230.4766012
-230.4760366
-230.4754131
-230.4747748
-230.4744796
-230.4747157
-230.4746161
-230.473428
-230.4716385
-230.470074
-230.4689191
-230.4677937
-230.4667421
-230.4657644
-230.4647091
-230.4628605
-230.4601153
-230.4578572
-230.4577686
-230.4585398
-230.4580786
-230.457182
-230.4579937
-230.460547
-230.4635394
-230.4659821
-230.4673251
-230.4679192
-230.4684321
-230.4693914
-230.4709854
-230.4725129
-230.4738228
-230.4752618
-230.4768853
-230.4783022
-230.4791803
-230.4799404
-230.4812318
-230.4832095
-230.4853348
-230.4872978
-230.4888512
-230.4898917
-230.4904341
-230.4905595
-230.4904894
-230.4905448
-230.4907367
-230.4891021
-230.4892165
-230.4892792
-230.4892644
-230.489198
-230.489139
-230.4891685
-230.4891833
-230.4892091
-230.4892386
-230.4892349
-230.4892866
-230.4892976
-230.4892054
-230.4891722
-230.4891242
-230.4890836
-230.4891021
-230.4891427
-230.4893309
-230.48946
-230.4894268
-230.4893862
-230.4892607
-230.4890504
-230.4890467
-230.4890246
-230.4890504
-230.4891943
-230.489353
-230.4895818
-230.4896076
-230.4895485
-230.48946
-230.4893936
-230.4892607
-230.4892386
-230.4893124
-230.4894194
-230.4895596
-230.489626
-230.4898364
-230.4898585
-230.4898585
-230.4899175
-230.4900135
-230.4900356
-230.4898548
-230.4897884
-230.4896629
-230.4896519
-230.4899028
-230.4907699
-230.4917809
-230.4926812
-230.4933121
-230.4934154
-230.492873
-230.4916849
-230.4900762
-230.4892202
-230.4888106
-230.4885708
-230.4887995
-230.4909691
-230.4952418
-230.499153
-230.5017653
-230.5025402
-230.5012857
-230.4980903
-230.4933527
-230.4889693
-230.486796
-230.486582
-230.4864602
-230.4876926
-230.4907551
-230.4942825
-230.4967989
-230.4979206
-230.497452
-230.4955297
-230.4925963
-230.489246
-230.4868882
-230.486475
-230.4869251
-230.4871908
-230.4879287
-230.4895338
-230.4911204
-230.4920871
-230.4923638
-230.4918915
-230.4908363
-230.4892792
-230.4885412
-230.4886851
-230.4893567
-230.4892386
-230.4894748
-230.4896777
-230.4897072
-230.4896445
-230.4895596
-230.4895928
-230.4896297
-230.4896961
-230.4898179
-230.4899065
-230.4900024
-230.4901094
-230.4901389
-230.4901463
-230.4900799
-230.4900393
-230.4900208
-230.4899729
-230.4899876
-230.4900098
-230.4900098
-230.4901094
-230.4901131
-230.4900725
-230.489947
-230.4897626
-230.4896592
-230.4895375
-230.4894305
-230.4893899
-230.48946
-230.4898179
-230.4901315
-230.4902754
-230.4902312
-230.4898179
-230.489353
-230.4890357
-230.4888696
-230.4887479
-230.4889729
-230.4897183
-230.4910503
-230.4920022
-230.4921166
-230.4913713
-230.4901057
-230.4892386
-230.4888623
-230.4888586
-230.4889287
-230.4892607
-230.4898068
-230.4904747
-230.4906961
-230.4905337
-230.4901278
-230.4895117
-230.4891906
-230.4890578
-230.4890541
-230.4890209
-230.4891242
-230.4893235
-230.4895043
-230.4895006
-230.4893567
-230.4890689
-230.488877
-230.4887774
-230.4887405
-230.4888069
-230.4889324
-230.4890984
-230.4892792
-230.4893161
-230.4892718
-230.4891685
-230.4891648
-230.4891722
-230.4891906
-230.4892644
-230.489353
-230.4894305
-230.489567
-230.4896556
-230.4897072
-230.489733
-230.4897109
-230.4897662
-230.4897921
-230.4898327
-230.4899434
-230.4900098
-230.490102
-230.4901795
-230.4901943
-230.4901869
-230.4900909
-230.4897847
-230.4897441
-230.4897995
-230.4899618
-230.4901979
-230.490423
-230.4903824
-230.4899212
-230.4891722
-230.4885376
-230.488342
-230.4885265
-230.4889287
-230.4894526
-230.4899434
-230.490257
-230.4902939
-230.4901278
-230.4899175
-230.4898364
-230.489829
-230.4899803
-230.4901943
-230.4904156
-230.4906296
-230.4908141
-230.4909433
-230.491054
-230.4911351
-230.4911905
-230.4912717
-230.4913676
-230.491386
-230.4913455
-230.4913307
-230.4912901
-230.491172
-230.4909986
-230.4908215
-230.4906112
-230.4903972
-230.4902681
-230.4902016
-230.4900909
-230.4898511
-230.4895227
-230.4890467
-230.4885745
-230.488187
-230.4879066
-230.4878734
-230.4881612
-230.4885412
-230.4887848
-230.488877
-230.4888549
-230.4888327
-230.4889102
-230.4891132
-230.4893419
-230.4895781
-230.4898216
-230.4900725
-230.4902644
-230.4906407
-230.4909285
-230.490733
-230.4902496
-230.4896629
-230.4891906
-230.488829
-230.4884896
-230.488722
-230.4903271
-230.4925926
-230.4939135
-230.4934412
-230.4913971
-230.4890062
-230.4878549
-230.4880726
-230.4886851
-230.4893751
-230.4900356
-230.49053
-230.4909396
-230.4911093
-230.4911573
-230.4912421
-230.4914082
-230.4916185
-230.4918805
-230.4921904
-230.4924561
-230.4926516
-230.4927734
-230.492766
-230.4926369
-230.4923897
-230.4920281
-230.4892534
-230.4892866
-230.4893309
-230.4893678
-230.4893899
-230.4893973
-230.4893678
-230.4893161
-230.4892497
-230.4891833
-230.4891316
-230.4891095
-230.4891095
-230.4891353
-230.4891759
-230.4891796
-230.4891316
-230.4890504
-230.4889729
-230.4889065
-230.4888955
-230.4889545
-230.4891205
-230.4893419
-230.4895153
-230.4894858
-230.4892829
-230.4890541
-230.488877
-230.4888106
-230.488829
-230.4888844
-230.4889397
-230.4889766
-230.4889914
-230.4889545
-230.4889065
-230.4888992
-230.488925
-230.4889656
-230.4890098
-230.4890504
-230.4890689
-230.4890799
-230.4891021
-230.4891021
-230.4890836
-230.4890873
-230.489091
-230.4890836
-230.4890799
-230.4890763
-230.4890689
-230.4890947
-230.4891353
-230.4891058
-230.4890246
-230.4889582
-230.4888992
-230.4888512
-230.4888512
-230.4890135
-230.4893198
-230.4899065
-230.4904894
-230.4906555
-230.4902754
-230.4896371
-230.4891095
-230.4888106
-230.4887885
-230.4887995
-230.4890504
-230.4894748
-230.4899212
-230.4900614
-230.489733
-230.4892497
-230.4889065
-230.4888549
-230.4888696
-230.4889988
-230.4892312
-230.4894895
-230.4897035
-230.4897146
-230.4895375
-230.4893604
-230.4892534
-230.4892386
-230.4892829
-230.4893604
-230.4894379
-230.4895006
-230.4895264
-230.4894748
-230.4894194
-230.4893862
-230.4893641
-230.4893345
-230.4900245
-230.4900799
-230.4901389
-230.4901758
-230.4901832
-230.490161
-230.4900799
-230.4899655
-230.4898364
-230.4897035
-230.4896076
-230.4895707
-230.4895928
-230.4896556
-230.4897404
-230.4897699
-230.4897146
-230.4896039
-230.4894821
-230.4893751
-230.4893419
-230.4894305
-230.4895633
-230.4898437
-230.4900725
-230.4900467
-230.4897847
-230.4894674
-230.4892607
-230.4892054
-230.489246
-230.4893641
-230.4894821
-230.4895559
-230.4895818
-230.4895338
-230.4894674
-230.4894637
-230.489508
-230.4895744
-230.4896334
-230.4896777
-230.4896924
-230.4896961
-230.4897072
-230.4897035
-230.4896666
-230.4896408
-230.4896408
-230.4896519
-230.4896777
-230.4897257
-230.4897662
-230.4897773
-230.4897995
-230.4898253
-230.4898031
-230.4897404
-230.489674
-230.4895928
-230.4894784
-230.4893567
-230.4893198
-230.4893862
-230.4896998
-230.4901795
-230.490519
-230.4904156
-230.4899286
-230.4893899
-230.4890394
-230.4889287
-230.4890135
-230.4892644
-230.4894415
-230.4895781
-230.4896851
-230.4897072
-230.4896556
-230.489626
-230.4896334
-230.4896703
-230.4897109
-230.4897699
-230.4898142
-230.4898511
-230.4898843
-230.4899175
-230.4899249
-230.4899397
-230.4899544
-230.489947
-230.4899249
-230.4899101
-230.4898696
-230.4898068
-230.4897589
-230.4897109
-230.4896556
-230.4895928
-230.4893825
-230.4893862
-230.489401
-230.4893862
-230.4893382
-230.4892976
-230.4892571
-230.4892017
-230.4891574
-230.4891242
-230.4891095
-230.4891095
-230.4891095
-230.4890578
-230.4889729
-230.4888955
-230.4888143
-230.4887663
-230.4887848
-230.4888918
-230.4890062
-230.4891095
-230.4891242
-230.4890726
-230.4889028
-230.4887774
-230.4887257
-230.4887442
-230.4888254
-230.4889545
-230.4890799
-230.4891685
-230.4891537
-230.4890209
-230.4888623
-230.4887331
-230.4886482
-230.4886261
-230.488663
-230.4888032
-230.4890357
-230.4891906
-230.489246
-230.4890836
-230.4888512
-230.4886999
-230.4886187
-230.4886482
-230.4887626
-230.4889139
-230.4890726
-230.4891796
-230.4891316
-230.4889803
-230.4888586
-230.488829
-230.4888438
-230.4888807
-230.488925
-230.4889693
-230.4889988
-230.489032
-230.4890394
-230.4890135
-230.4889951
-230.4889766
-230.4889545
-230.4889582
-230.4889693
-230.4889582
-230.4889582
-230.4889471
-230.4889324
-230.4889102
-230.4889434
-230.4889914
-230.4890541
-230.4891427
-230.489198
-230.489198
-230.4891759
-230.4891906
-230.4892017
-230.4892312
-230.4892866
-230.4893272
-230.4893899
-230.4895375
-230.4896113
-230.4896482
-230.4896334
-230.4894895
-230.4894194
-230.4893678
-230.4893272
-230.4893419
-230.4894711
-230.4897589
-230.4901758
-230.4903013
-230.4899876
-230.4899766
-230.4899766
-230.4899507
-230.4898843
-230.4898253
-230.4897589
-230.4896777
-230.4896002
-230.4895559
-230.4895375
-230.4895338
-230.4895338
-230.4894637
-230.4893419
-230.4892017
-230.4890689
-230.4889877
-230.4889139
-230.489032
-230.489246
-230.4894415
-230.4894821
-230.4893345
-230.4891205
-230.4889729
-230.4889287
-230.4889766
-230.4890578
-230.4892534
-230.4894674
-230.4896408
-230.4897478
-230.489567
-230.4893272
-230.4891058
-230.4889656
-230.4889176
-230.488984
-230.4890947
-230.4893862
-230.4896888
-230.4897699
-230.4895301
-230.489139
-230.4888254
-230.488722
-230.4887663
-230.4889397
-230.4892128
-230.4895338
-230.4897035
-230.4896592
-230.48946
-230.4892792
-230.4892202
-230.4892386
-230.489294
-230.4893714
-230.4894342
-230.4894858
-230.4895338
-230.4895559
-230.4895375
-230.4895153
-230.4894932
-230.4894563
-230.4894452
-230.4894563
-230.4894415
-230.4894268
-230.4894305
-230.4893936
-230.4893161
-230.4892644
-230.4892386
-230.4892128
-230.4891943
-230.4891943
-230.489187
-230.4891685
-230.4891759
-230.4891611
-230.4891205
-230.4891058
-230.4891021
-230.4890947
-230.4890799
-230.4890578
-230.4890394
-230.4890873
-230.489187
-230.4892349
-230.4891906
-230.4891316
-230.4890578
-230.4889582
-230.4889102
-230.4889988
-230.4892275
-230.4897773
-230.4897773
-230.4898843
-230.4899803
-230.4899434
-230.4900024
-230.4900061
-230.4899581
-230.4899249
-230.4899249
-230.4899397
-230.4900098
-230.490161
-230.4902275
-230.4901684
-230.4899581
-230.4898364
-230.4896814
-230.489567
-230.489519
-230.4895522
-230.4896629
-230.4898364
-230.4899692
-230.4900946
-230.4901131
-230.4901352
-230.4901463
-230.4901943
-230.4902607
-230.4902902
-230.4903123
-230.4903603
-230.4903677
-230.4903382
-230.4903418
-230.4903271
-230.4902939
-230.4903123
-230.4903787
-230.4904489
-230.4905116
-230.4905522
-230.4905669
-230.490578
-230.4905964
-230.4906149
-230.4906776
-230.4907514
-230.490744
-230.4906776
-230.4906296
-230.490578
-230.4905153
-230.4904673
-230.4904083
-230.4903013
-230.4901684
-230.490043
-230.4899323
-230.4898622
-230.4899065
-230.490043
-230.4902385
-230.4903086
-230.4903086
-230.4901684
-230.4899692
-230.489781
-230.4896592
-230.4896187
-230.4896556
-230.4897109
-230.4897699
-230.4898548
-230.4897773
-230.4896556
-230.4895854
-230.4895744
-230.4895818
-230.4896961
-230.4899175
-230.4902127
-230.4904636
-230.4906038
-230.490578
-230.490423
-230.4902312
-230.4900614
-230.4899175
-230.4898327
-230.4898769
-230.4898622
-230.4899507
-230.4899323
-230.4897589
-230.4895264
-230.4894895
-230.4895153
-230.489615
-230.4900024
-230.4899101
-230.4899212
-230.4899876
-230.4899987
-230.4900208
-230.4900393
-230.4901315
-230.4902238
-230.4902533
-230.4902976
-230.4903935
-230.490471
-230.4905005
-230.4903603
-230.4901315
-230.4899101
-230.489674
-230.489508
-230.4894784
-230.4895596
-230.4897367
-230.489995
-230.4902164
-230.4903418
-230.4904452
-230.4906001
-230.4906333
-230.4907034
-230.4908141
-230.4908732
-230.4909101
-230.4909839
-230.4910134
-230.4909949
-230.4909986
-230.4909949
-230.4909543
-230.4909728
-230.4910724
-230.491161
-230.4912348
-230.491279
-230.4912901
-230.4912901
-230.4913012
-230.4913159
-230.4913824
-230.491482
-230.4915004
-230.4914488
-230.4914045
-230.4913565
-230.4912938
-230.4912532
-230.4911979
-230.4910761
-230.4909175
-230.4907551
-230.4905854
-230.4904525
-230.4904415
-230.4904599
-230.4906038
-230.4907367
-230.4907256
-230.4905632
-230.4903123
-230.490054
-230.4898548
-230.4897552
-230.4897367
-230.489722
-230.4896371
-230.4896592
-230.489674
-230.4895818
-230.4894526
-230.4894305
-230.4895485
-230.4897626
-230.490054
-230.4904452
-230.490899
-230.4912606
-230.4913344
-230.4911979
-230.490947
-230.4906075
-230.4902939
-230.4899618
-230.4896629
-230.4894157
-230.489294
-230.4891685
-230.4889508
-230.4887589
-230.488615
-230.4887036
-230.4889287
-230.4332723
-230.4364603
-230.439294
-230.4424746
-230.446275
-230.4500238
-230.4531528
-230.4552522
-230.4570344
-230.4585435
-230.4591966
-230.4586985
-230.457883
-230.4576653
-230.4582262
-230.4596394
-230.4614953
-230.4633623
-230.4652589
-230.4674432
-230.47024
-230.4735977
-230.4771915
-230.4803979
-230.4828516
-230.4842464
-230.4848958
-230.4851282
-230.484774
-230.4834051
-230.4812355
-230.4786711
-230.4756492
-230.4718525
-230.467779
-230.4641113
-230.4612481
-230.4606098
-230.4634177
-230.4685907
-230.4734243
-230.4764315
-230.4785014
-230.4807927
-230.4843497
-230.4881059
-230.4904341
-230.4914709
-230.4914377
-230.491113
-230.4907957
-230.490578
-230.4904968
-230.4906001
-230.4908178
-230.4909912
-230.4911019
-230.4911647
-230.4909396
-230.4904415
-230.4895117
-230.4880948
-230.4865008
-230.4853164
-230.4846596
-230.4843497
-230.484453
-230.4850101
-230.4858514
-230.4865451
-230.4869879
-230.4873236
-230.4879952
-230.4893641
-230.4907994
-230.4916001
-230.4922753
-230.4926443
-230.4927439
-230.4925409
-230.4919727
-230.491113
-230.490161
-230.4893087
-230.488615
-230.4881391
-230.4880357
-230.4883383
-230.4888623
-230.4894083
-230.4898954
-230.4903861
-230.4909101
-230.4914525
-230.4919653
-230.4923712
-230.4925373
-230.4924745
-230.4919063
-230.4912053
-230.4774904
-230.4766012
-230.4760366
-230.4754131
-230.4747748
-230.4744796
-230.4747157
-230.4746161
-230.473428
-230.4716385
-230.470074
-230.4689191
-230.4677937
-230.4667421
-230.4657644
-230.4647091
-230.4628605
-230.4601153
-230.4578572
-230.4577686
-230.4585398
-230.4580786
-230.457182
-230.4579937
-230.460547
-230.4635394
-230.4659821
-230.4673251
-230.4679192
-230.4684321
-230.4693914
-230.4709854
-230.4725129
-230.4738228
-230.4752618
-230.4768853
-230.4783022
-230.4791803
-230.4799404
-230.4812318
-230.4832095
-230.4853348
-230.4872978
-230.4888512
-230.4898917
-230.4904341
-230.4905595
-230.4904894
-230.4905448
-230.4907367
-230.4909396
-230.4910982
-230.4911684
-230.4909064
-230.4905706
-230.4902644
-230.4901463
-230.4901242
-230.4903013
-230.4905374
-230.4906887
-230.4907735
-230.4905116
-230.4898806
-230.4892534
-230.488722
-230.4882756
-230.4878144
-230.4872904
-230.4866705
-230.4860986
-230.485619
-230.4853053
-230.4853127
-230.4853348
-230.4851688
-230.4847076
-230.484191
-230.4840324
-230.484036
-230.484084
-230.4835453
-230.4823757
-230.4812208
-230.4804238
-230.47966
-230.4783907
-230.4768558
-230.4757415
-230.4753614
-230.4752323
-230.4747268
-230.4740626
-230.4738486
-230.4739556
-230.4737822
-230.4732177
-230.4727749
-230.4725572
-230.4726568
-230.4915078
-230.4915041
-230.4915853
-230.4916074
-230.4915484
-230.4914672
-230.4914451
-230.4913897
-230.4912053
-230.4910503
-230.4908621
-230.490685
-230.4905854
-230.4905448
-230.490364
-230.4902016
-230.489888
-230.4894969
-230.4892312
-230.4891095
-230.4890135
-230.489032
-230.4893641
-230.4899434
-230.4904599
-230.4905411
-230.4902201
-230.4898659
-230.4896482
-230.4895854
-230.4896924
-230.4899507
-230.4903086
-230.4906702
-230.4909507
-230.4909728
-230.490792
-230.49053
-230.490412
-230.4904083
-230.4905042
-230.4906223
-230.4906739
-230.4906702
-230.4906186
-230.4904046
-230.4902127
-230.4901057
-230.490209
-230.4904009
-230.4905263
-230.4904009
-230.4900762
-230.4897699
-230.4895043
-230.4892607
-230.4890799
-230.4890984
-230.4892718
-230.4894969
-230.4896039
-230.4895522
-230.4895301
-230.489674
-230.4899101
-230.4901721
-230.4905522
-230.4908695
-230.491054
-230.49122
-230.4913196
-230.4913528
-230.4914229
-230.4914377
-230.4914156
-230.4913934
-230.4914119
-230.4914229
-230.4914193
-230.4914598
-230.491541
-230.4916111
-230.4916702
-230.4917366
-230.4917919
-230.491851
-230.4918768
-230.4918583
-230.4918731
-230.4919432
-230.4920022
-230.4920723
-230.4921941
-230.4922605
-230.4921941
-230.4920318
-230.4918104
-230.4914857
-230.4911056
-230.490685
-230.4814901
-230.4820214
-230.48211
-230.4816562
-230.4809735
-230.4802061
-230.479291
-230.4781029
-230.4767746
-230.4756898
-230.4751031
-230.4751622
-230.4759038
-230.4768705
-230.47759
-230.4780291
-230.4779775
-230.4772727
-230.4764905
-230.4765163
-230.4776675
-230.4798703
-230.4822059
-230.4836486
-230.4839143
-230.4834752
-230.4828295
-230.4820915
-230.4813536
-230.4807632
-230.4801028
-230.4789479
-230.4770772
-230.4745755
-230.4716569
-230.4684653
-230.4655651
-230.4631631
-230.4618016
-230.4618237
-230.4629897
-230.4645726
-230.4660817
-230.4670336
-230.4680151
-230.4691995
-230.4700519
-230.470288
-230.4704467
-230.4716532
-230.474332
-230.4778409
-230.4814532
-230.4846043
-230.4868513
-230.4878439
-230.4875561
-230.4864971
-230.4850692
-230.4838995
-230.4831763
-230.4827077
-230.4822096
-230.4816303
-230.4813167
-230.4814754
-230.482479
-230.484287
-230.4866779
-230.4889988
-230.4907514
-230.4917513
-230.4920834
-230.491744
-230.4909064
-230.4895559
-230.4878734
-230.4861392
-230.484608
-230.4837888
-230.4835711
-230.4833645
-230.4824347
-230.4804791
-230.4775679
-230.4740811
-230.4708968
-230.4687235
-230.4675244
-230.4672919
-230.4683398
-230.4705869
-230.4731144
-230.4750626
-230.4761215
-230.4765901
-230.4771104
-230.4782726
-230.4802651
-230.4830509
-230.4920687
-230.492124
-230.4921609
-230.4922495
-230.4922089
-230.4918842
-230.4913233
-230.4906001
-230.4899286
-230.4894637
-230.4894083
-230.4904784
-230.4921904
-230.4932494
-230.4930464
-230.4916849
-230.4897404
-230.4878992
-230.4868919
-230.4868218
-230.4872646
-230.4880468
-230.4890431
-230.4896924
-230.4900577
-230.4899987
-230.4898253
-230.4897404
-230.4899913
-230.4903935
-230.4907551
-230.4921019
-230.4933306
-230.4943637
-230.4949983
-230.4953046
-230.4953378
-230.4951385
-230.4945592
-230.4935261
-230.492183
-230.4903234
-230.4880874
-230.4856448
-230.4830546
-230.4805677
-230.47828
-230.4757673
-230.4726863
-230.4693951
-230.466447
-230.4639453
-230.4615248
-230.458728
-230.4555622
-230.4526657
-230.450747
-230.4499427
-230.4503965
-230.4520753
-230.4546287
-230.4574772
-230.4604474
-230.4633918
-230.4658787
-230.4676092
-230.468694
-230.4694504
-230.4702585
-230.4714798
-230.4735424
-230.4757636
-230.4768484
-230.475985
-230.4736383
-230.471085
-230.4690446
-230.466886
-230.463318
-230.4593479
-230.4567945
-230.4560013
-230.4564957
-230.4577539
-230.4598275
-230.4629122
-230.4665023
-230.4688232
-230.4688158
-230.4678196
-230.4661887
-230.4639859
-230.460964
-230.4569421
-230.4534664
-230.4518244
-230.4512193
-230.4499722
-230.4479059
-230.4455445
