-2824.95996
-2824.96801
-2824.97409
-2824.97743
-2824.97849
-2824.97833
-2824.97796
-2824.97829
-2824.97946
-2824.98128
-2824.98334
-2824.98513
-2824.98668
-2824.98775
-2824.98806
-2824.98751
-2824.98673
-2824.98597
-2824.98507
-2824.98388
-2824.98277
-2824.98242
-2824.98352
-2824.98595
-2824.98860
-2824.99017
-2824.98990
-2824.98754
-2824.98319
-2824.97755
-2824.97236
-2824.96934
-2824.96771
-2824.96495
-2824.96267
-2824.96308
-2824.96767
-2824.97508
-2824.98100
-2824.98251
-2824.98087
-2824.97884
-2824.97787
-2824.97766
-2824.97768
-2824.97757
-2824.97724
-2824.97691
-2824.97672
-2824.97618
-2824.97694
-2824.97420
-2824.97430
-2824.97499
-2824.97561
-2824.97638
-2824.97737
-2824.97837
-2824.97913
-2824.97944
-2824.97938
-2824.97934
-2824.97938
-2824.97952
-2824.97982
-2824.98019
-2824.98043
-2824.98056
-2824.98060
-2824.98074
-2824.98068
-2824.98058
-2824.98016
-2824.97949
-2824.97887
-2824.97865
-2824.97878
-2824.97895
-2824.97897
-2824.97845
-2824.97751
-2824.97662
-2824.97612
-2824.97615
-2824.97687
-2824.97809
-2824.97926
-2824.97989
-2824.98001
-2824.97955
-2824.97887
-2824.97836
-2824.97790
-2824.97746
-2824.97703
-2824.97692
-2824.97731
-2824.97857
-2824.98061
-2824.98277
-2824.96266
-2824.96360
-2824.96534
-2824.96830
-2824.97222
-2824.97581
-2824.97782
-2824.97777
-2824.97593
-2824.97355
-2824.97269
-2824.97438
-2824.97723
-2824.98001
-2824.98227
-2824.98365
-2824.98413
-2824.98380
-2824.98296
-2824.98213
-2824.98163
-2824.98180
-2824.98267
-2824.98395
-2824.98539
-2824.98687
-2824.98796
-2824.98841
-2824.98803
-2824.98693
-2824.98571
-2824.98513
-2824.98535
-2824.98566
-2824.98554
-2824.98522
-2824.98490
-2824.98442
-2824.98365
-2824.98269
-2824.98169
-2824.98091
-2824.98057
-2824.98054
-2824.98074
-2824.98113
-2824.98151
-2824.98165
-2824.98152
-2824.98117
-2824.98092
-2824.98067
-2824.98024
-2824.97979
-2824.97938
-2824.97886
-2824.97862
-2824.97881
-2824.97936
-2824.97995
-2824.98028
-2824.97987
-2824.97874
-2824.97764
-2824.97671
-2824.97630
-2824.97739
-2824.97967
-2824.98198
-2824.98340
-2824.98323
-2824.98156
-2824.97894
-2824.97668
-2824.97538
-2824.97497
-2824.97597
-2824.97904
-2824.98222
-2824.98306
-2824.98125
-2824.97825
-2824.97551
-2824.97380
-2824.97354
-2824.97443
-2824.97630
-2824.97940
-2824.98296
-2824.98595
-2824.98735
-2824.98723
-2824.98561
-2824.98322
-2824.98122
-2824.98003
-2824.98008
-2824.98139
-2824.98337
-2824.98513
-2824.98326
-2824.98434
-2824.98537
-2824.98601
-2824.98626
-2824.98581
-2824.98468
-2824.98297
-2824.98122
-2824.97986
-2824.97930
-2824.97958
-2824.98071
-2824.98245
-2824.98429
-2824.98523
-2824.98495
-2824.98345
-2824.98144
-2824.97949
-2824.97826
-2824.97800
-2824.97877
-2824.98024
-2824.98124
-2824.98090
-2824.97870
-2824.97479
-2824.97052
-2824.96723
-2824.96583
-2824.96650
-2824.96901
-2824.97271
-2824.97663
-2824.97982
-2824.98153
-2824.98188
-2824.98181
-2824.98169
-2824.98198
-2824.98280
-2824.98382
-2824.98467
-2824.98528
-2824.98556
-2824.98543
-2824.98505
-2824.98463
-2824.98433
-2824.98421
-2824.98441
-2824.98480
-2824.98516
-2824.98538
-2824.98542
-2824.98533
-2824.98511
-2824.98470
-2824.98417
-2824.98353
-2824.98293
-2824.98260
-2824.98261
-2824.98302
-2824.98369
-2824.98419
-2824.98364
-2824.98147
-2824.97767
-2824.97353
-2824.97084
-2824.97001
-2824.97053
-2824.97287
-2824.97716
-2824.98212
-2824.98597
-2824.98772
-2824.98752
-2824.98604
-2824.98426
-2824.98304
-2824.98274
-2824.98310
-2824.98383
-2824.98455
-2824.98502
-2824.98517
-2824.98507
-2824.98461
-2824.98401
-2824.98328
-2824.98256
-2824.98212
-2824.98200
-2824.98229
-2824.98291
-2824.98370
-2824.98441
-2824.98327
-2824.98434
-2824.98537
-2824.98601
-2824.98626
-2824.98580
-2824.98468
-2824.98297
-2824.98123
-2824.97987
-2824.97929
-2824.97958
-2824.98071
-2824.98244
-2824.98429
-2824.98523
-2824.98495
-2824.98346
-2824.98143
-2824.97950
-2824.97826
-2824.97801
-2824.97877
-2824.98024
-2824.98125
-2824.98091
-2824.97870
-2824.97480
-2824.97052
-2824.96723
-2824.96583
-2824.96650
-2824.96901
-2824.97271
-2824.97663
-2824.97982
-2824.98154
-2824.98189
-2824.98181
-2824.98169
-2824.98198
-2824.98280
-2824.98382
-2824.98467
-2824.98528
-2824.98557
-2824.98544
-2824.98505
-2824.98463
-2824.98433
-2824.98421
-2824.98440
-2824.98480
-2824.98516
-2824.98537
-2824.98542
-2824.98533
-2824.98509
-2824.98470
-2824.98418
-2824.98353
-2824.98293
-2824.98260
-2824.98261
-2824.98301
-2824.98370
-2824.98419
-2824.98364
-2824.98147
-2824.97767
-2824.97353
-2824.97083
-2824.97001
-2824.97053
-2824.97287
-2824.97716
-2824.98212
-2824.98597
-2824.98773
-2824.98752
-2824.98604
-2824.98426
-2824.98304
-2824.98274
-2824.98310
-2824.98383
-2824.98455
-2824.98502
-2824.98518
-2824.98507
-2824.98461
-2824.98400
-2824.98327
-2824.98256
-2824.98212
-2824.98201
-2824.98229
-2824.98292
-2824.98370
-2824.98442
-2824.96167
-2824.96137
-2824.96232
-2824.96429
-2824.96679
-2824.96926
-2824.97140
-2824.97342
-2824.97549
-2824.97762
-2824.97968
-2824.98151
-2824.98313
-2824.98417
-2824.98462
-2824.98466
-2824.98447
-2824.98413
-2824.98323
-2824.98188
-2824.98097
-2824.98111
-2824.98238
-2824.98421
-2824.98527
-2824.98442
-2824.98161
-2824.97765
-2824.97378
-2824.97119
-2824.97013
-2824.97075
-2824.97341
-2824.97760
-2824.98205
-2824.98549
-2824.98680
-2824.98584
-2824.98356
-2824.98126
-2824.98014
-2824.98035
-2824.98149
-2824.98297
-2824.98407
-2824.98441
-2824.98401
-2824.98317
-2824.98218
-2824.98123
-2824.98043
-2824.97987
-2824.97962
-2824.97965
-2824.97981
-2824.98010
-2824.98062
-2824.98103
-2824.98130
-2824.98151
-2824.98136
-2824.98091
-2824.98056
-2824.98038
-2824.98034
-2824.98028
-2824.98017
-2824.98009
-2824.97987
-2824.97968
-2824.97962
-2824.97960
-2824.97957
-2824.97956
-2824.97964
-2824.97981
-2824.98013
-2824.98068
-2824.98151
-2824.98246
-2824.98328
-2824.98360
-2824.98328
-2824.98253
-2824.98173
-2824.98099
-2824.98039
-2824.98001
-2824.97974
-2824.97976
-2824.97986
-2824.98001
-2824.98025
-2824.98050
-2824.98074
-2824.98117
-2824.98156
-2824.98195
-2824.98213
-2824.98174
-2824.95590
-2824.95817
-2824.96120
-2824.96458
-2824.96781
-2824.97073
-2824.97278
-2824.97399
-2824.97439
-2824.97455
-2824.97453
-2824.97460
-2824.97502
-2824.97596
-2824.97738
-2824.97888
-2824.98009
-2824.98068
-2824.98069
-2824.98037
-2824.98021
-2824.98048
-2824.98125
-2824.98240
-2824.98358
-2824.98443
-2824.98504
-2824.98564
-2824.98608
-2824.98593
-2824.98483
-2824.98267
-2824.97966
-2824.97643
-2824.97354
-2824.97105
-2824.96937
-2824.96937
-2824.97194
-2824.97615
-2824.97960
-2824.98097
-2824.98096
-2824.98072
-2824.98088
-2824.98132
-2824.98160
-2824.98162
-2824.98148
-2824.98127
-2824.98108
-2824.98084
-2824.98059
-2824.98028
-2824.98010
-2824.97998
-2824.98004
-2824.98022
-2824.98052
-2824.98085
-2824.98103
-2824.98098
-2824.98060
-2824.97994
-2824.97919
-2824.97861
-2824.97837
-2824.97848
-2824.97890
-2824.97954
-2824.98037
-2824.98096
-2824.98109
-2824.98094
-2824.98046
-2824.97996
-2824.97978
-2824.97986
-2824.98013
-2824.98044
-2824.98042
-2824.97997
-2824.97924
-2824.97857
-2824.97819
-2824.97819
-2824.97861
-2824.97915
-2824.97960
-2824.97977
-2824.97959
-2824.97941
-2824.97927
-2824.97932
-2824.97951
-2824.97992
-2824.98017
-2824.98019
-2824.98006
-2824.97993
-2824.95591
-2824.95817
-2824.96119
-2824.96458
-2824.96780
-2824.97073
-2824.97278
-2824.97399
-2824.97438
-2824.97454
-2824.97452
-2824.97461
-2824.97502
-2824.97596
-2824.97737
-2824.97888
-2824.98008
-2824.98069
-2824.98069
-2824.98038
-2824.98021
-2824.98049
-2824.98125
-2824.98240
-2824.98358
-2824.98443
-2824.98503
-2824.98564
-2824.98608
-2824.98593
-2824.98483
-2824.98267
-2824.97966
-2824.97643
-2824.97353
-2824.97105
-2824.96936
-2824.96937
-2824.97194
-2824.97615
-2824.97961
-2824.98097
-2824.98096
-2824.98072
-2824.98088
-2824.98132
-2824.98161
-2824.98162
-2824.98148
-2824.98127
-2824.98109
-2824.98084
-2824.98060
-2824.98028
-2824.98010
-2824.97998
-2824.98004
-2824.98023
-2824.98052
-2824.98084
-2824.98103
-2824.98099
-2824.98060
-2824.97994
-2824.97919
-2824.97861
-2824.97837
-2824.97848
-2824.97890
-2824.97954
-2824.98035
-2824.98097
-2824.98109
-2824.98093
-2824.98046
-2824.97996
-2824.97978
-2824.97986
-2824.98014
-2824.98043
-2824.98041
-2824.97997
-2824.97924
-2824.97857
-2824.97818
-2824.97819
-2824.97860
-2824.97915
-2824.97960
-2824.97976
-2824.97959
-2824.97940
-2824.97928
-2824.97932
-2824.97951
-2824.97991
-2824.98017
-2824.98019
-2824.98006
-2824.97993
-2824.98022
-2824.98159
-2824.98346
-2824.98580
-2824.98824
-2824.98948
-2824.98891
-2824.98630
-2824.98253
-2824.97942
-2824.97830
-2824.97890
-2824.98040
-2824.98262
-2824.98556
-2824.98817
-2824.98948
-2824.98912
-2824.98693
-2824.98403
-2824.98178
-2824.98080
-2824.98103
-2824.98231
-2824.98406
-2824.98513
-2824.98439
-2824.98153
-2824.97725
-2824.97268
-2824.96919
-2824.96737
-2824.96619
-2824.96519
-2824.96528
-2824.96675
-2824.96913
-2824.97135
-2824.97222
-2824.97214
-2824.97307
-2824.97540
-2824.97809
-2824.98028
-2824.98135
-2824.98148
-2824.98146
-2824.98193
-2824.98274
-2824.98365
-2824.98440
-2824.98496
-2824.98525
-2824.98521
-2824.98488
-2824.98442
-2824.98405
-2824.98360
-2824.98303
-2824.98249
-2824.98223
-2824.98220
-2824.98245
-2824.98283
-2824.98331
-2824.98373
-2824.98413
-2824.98427
-2824.98393
-2824.98310
-2824.98195
-2824.98085
-2824.98023
-2824.98020
-2824.98068
-2824.98133
-2824.98182
-2824.98190
-2824.98166
-2824.98093
-2824.98028
-2824.97973
-2824.97953
-2824.97991
-2824.98105
-2824.98266
-2824.98399
-2824.98435
-2824.98373
-2824.98222
-2824.98064
-2824.97932
-2824.97842
-2824.97802
-2824.97844
-2824.97983
-2824.98131
-2824.98270
-2824.98354
-2824.98359
-2824.98222
-2824.98242
-2824.98290
-2824.98317
-2824.98299
-2824.98230
-2824.98133
-2824.98047
-2824.97962
-2824.97895
-2824.97874
-2824.97888
-2824.97931
-2824.98009
-2824.98073
-2824.98027
-2824.97791
-2824.97370
-2824.96934
-2824.96728
-2824.96756
-2824.96815
-2824.96914
-2824.97157
-2824.97471
-2824.97751
-2824.97902
-2824.97919
-2824.97816
-2824.97691
-2824.97656
-2824.97698
-2824.97764
-2824.97868
-2824.98038
-2824.98224
-2824.98346
-2824.98337
-2824.98223
-2824.98115
-2824.98091
-2824.98179
-2824.98319
-2824.98455
-2824.98530
-2824.98527
-2824.98467
-2824.98394
-2824.98337
-2824.98297
-2824.98277
-2824.98268
-2824.98263
-2824.98260
-2824.98260
-2824.98270
-2824.98277
-2824.98291
-2824.98331
-2824.98417
-2824.98530
-2824.98632
-2824.98636
-2824.98544
-2824.98412
-2824.98318
-2824.98285
-2824.98294
-2824.98298
-2824.98278
-2824.98227
-2824.98165
-2824.98118
-2824.98102
-2824.98108
-2824.98110
-2824.98094
-2824.98101
-2824.98172
-2824.98313
-2824.98462
-2824.98540
-2824.98503
-2824.98356
-2824.98160
-2824.97988
-2824.97879
-2824.97860
-2824.97965
-2824.98118
-2824.98192
-2824.98154
-2824.98047
-2824.97919
-2824.97872
-2824.97873
-2824.97872
-2824.97905
-2824.98031
-2824.98198
-2824.96597
-2824.97191
-2824.97631
-2824.97909
-2824.98073
-2824.98163
-2824.98240
-2824.98320
-2824.98415
-2824.98518
-2824.98612
-2824.98675
-2824.98692
-2824.98665
-2824.98614
-2824.98543
-2824.98457
-2824.98366
-2824.98282
-2824.98230
-2824.98209
-2824.98203
-2824.98186
-2824.98121
-2824.97978
-2824.97730
-2824.97349
-2824.96788
-2824.96095
-2824.95584
-2824.95648
-2824.96174
-2824.96791
-2824.97292
-2824.97673
-2824.97957
-2824.98143
-2824.98228
-2824.98250
-2824.98274
-2824.98331
-2824.98407
-2824.98471
-2824.98496
-2824.98465
-2824.98392
-2824.98300
-2824.98211
-2824.98135
-2824.98072
-2824.98024
-2824.97982
-2824.97935
-2824.97880
-2824.97817
-2824.97757
-2824.97604
-2824.97511
-2824.97502
-2824.97574
-2824.97694
-2824.97822
-2824.97932
-2824.97983
-2824.97990
-2824.97961
-2824.97939
-2824.97927
-2824.97939
-2824.97994
-2824.98082
-2824.98187
-2824.98301
-2824.98361
-2824.98336
-2824.98235
-2824.98075
-2824.97926
-2824.97853
-2824.97900
-2824.98075
-2824.98304
-2824.98478
-2824.98408
-2824.98244
-2824.98068
-2824.97940
-2824.97876
-2824.97872
-2824.97911
-2824.97955
-2824.97996
-2824.98037
-2824.98061
-2824.98057
-2824.98050
-2824.98042
-2824.98028
-2824.98038
-2824.98086
-2824.96285
-2824.96555
-2824.96838
-2824.97574
-2824.98060
-2824.98374
-2824.98501
-2824.98468
-2824.98352
-2824.98223
-2824.98144
-2824.98144
-2824.98252
-2824.98406
-2824.98545
-2824.98646
-2824.98707
-2824.98701
-2824.98624
-2824.98500
-2824.98388
-2824.98303
-2824.98283
-2824.98323
-2824.98390
-2824.98492
-2824.98575
-2824.98616
-2824.98591
-2824.98495
-2824.98370
-2824.98242
-2824.98164
-2824.98193
-2824.98320
-2824.98450
-2824.98493
-2824.98376
-2824.98111
-2824.97752
-2824.97417
-2824.97142
-2824.96910
-2824.96788
-2824.96839
-2824.97036
-2824.97352
-2824.97634
-2824.97786
-2824.97805
-2824.97783
-2824.97768
-2824.97788
-2824.97865
-2824.98006
-2824.98180
-2824.98322
-2824.98418
-2824.98447
-2824.98421
-2824.98360
-2824.98272
-2824.98181
-2824.98112
-2824.98097
-2824.98113
-2824.98131
-2824.98156
-2824.98165
-2824.98161
-2824.98166
-2824.98169
-2824.98167
-2824.98164
-2824.98177
-2824.98226
-2824.98297
-2824.98356
-2824.98379
-2824.98358
-2824.98293
-2824.98203
-2824.98102
-2824.98017
-2824.97978
-2824.98004
-2824.98026
-2824.98012
-2824.97957
-2824.97879
-2824.97795
-2824.97716
-2824.97663
-2824.97638
-2824.97620
-2824.97593
-2824.97568
-2824.97559
-2824.97553
-2824.97562
-2824.98209
-2824.98248
-2824.98287
-2824.98327
-2824.98351
-2824.98367
-2824.98343
-2824.98274
-2824.98191
-2824.98132
-2824.98125
-2824.98175
-2824.98266
-2824.98349
-2824.98377
-2824.98353
-2824.98308
-2824.98271
-2824.98258
-2824.98277
-2824.98331
-2824.98414
-2824.98493
-2824.98538
-2824.98561
-2824.98555
-2824.98529
-2824.98485
-2824.98446
-2824.98427
-2824.98408
-2824.98348
-2824.98238
-2824.98090
-2824.97926
-2824.97771
-2824.97632
-2824.97500
-2824.97377
-2824.97279
-2824.97209
-2824.97156
-2824.97079
-2824.96998
-2824.97043
-2824.97250
-2824.97487
-2824.97635
-2824.97704
-2824.97749
-2824.97814
-2824.97921
-2824.98068
-2824.98222
-2824.98336
-2824.98385
-2824.98383
-2824.98352
-2824.98308
-2824.98265
-2824.98238
-2824.98218
-2824.98190
-2824.98156
-2824.98133
-2824.98145
-2824.98196
-2824.98277
-2824.98371
-2824.98462
-2824.98528
-2824.98566
-2824.98583
-2824.98580
-2824.98546
-2824.98486
-2824.98426
-2824.98396
-2824.98397
-2824.98454
-2824.98569
-2824.98685
-2824.98717
-2824.98611
-2824.98362
-2824.97986
-2824.97611
-2824.97334
-2824.97179
-2824.97160
-2824.97306
-2824.97571
-2824.97826
-2824.97972
-2824.98004
-2824.97974
-2824.97940
-2824.97943
-2824.97980
-2824.98044
-2824.98338
-2824.98246
-2824.98212
-2824.98238
-2824.98294
-2824.98339
-2824.98345
-2824.98351
-2824.98372
-2824.98397
-2824.98419
-2824.98449
-2824.98484
-2824.98480
-2824.98384
-2824.98174
-2824.97861
-2824.97467
-2824.97037
-2824.96648
-2824.96374
-2824.96228
-2824.96216
-2824.96352
-2824.96612
-2824.96916
-2824.97187
-2824.97400
-2824.97565
-2824.97705
-2824.97847
-2824.97992
-2824.98121
-2824.98214
-2824.98261
-2824.98257
-2824.98215
-2824.98167
-2824.98137
-2824.98124
-2824.98114
-2824.98098
-2824.98062
-2824.98006
-2824.97925
-2824.97830
-2824.97737
-2824.97676
-2824.97638
-2824.97659
-2824.97769
-2824.97937
-2824.98076
-2824.98089
-2824.97949
-2824.97713
-2824.97489
-2824.97371
-2824.97370
-2824.97466
-2824.97672
-2824.97954
-2824.98226
-2824.98371
-2824.98351
-2824.98216
-2824.98035
-2824.97903
-2824.97867
-2824.97917
-2824.98013
-2824.98102
-2824.98137
-2824.98109
-2824.98044
-2824.97976
-2824.97923
-2824.97894
-2824.97894
-2824.97918
-2824.97947
-2824.97969
-2824.97989
-2824.98013
-2824.97961
-2824.97927
-2824.97928
-2824.97981
-2824.98069
-2824.98169
-2824.98247
-2824.98287
-2824.98285
-2824.98245
-2824.98190
-2824.98142
-2824.98112
-2824.98094
-2824.98087
-2824.98067
-2824.97554
-2824.97555
-2824.97592
-2824.97642
-2824.97698
-2824.97727
-2824.97724
-2824.97699
-2824.97666
-2824.97634
-2824.97612
-2824.97587
-2824.97584
-2824.97599
-2824.97632
-2824.97660
-2824.97680
-2824.97677
-2824.97657
-2824.97621
-2824.97582
-2824.97559
-2824.97563
-2824.97602
-2824.97664
-2824.97751
-2824.97833
-2824.97890
-2824.97871
-2824.97811
-2824.97720
-2824.97663
-2824.97640
-2824.97642
-2824.97658
-2824.97675
-2824.97687
-2824.97681
-2824.97669
-2824.97649
-2824.97634
-2824.97615
-2824.97610
-2824.97609
-2824.97614
-2824.97609
-2824.97607
-2824.97591
-2824.97580
-2824.97582
-2824.97606
-2824.97638
-2824.97663
-2824.97677
-2824.97682
-2824.97681
-2824.97674
-2824.97662
-2824.97659
-2824.97660
-2824.97677
-2824.97696
-2824.97729
-2824.97753
-2824.97765
-2824.97759
-2824.97737
-2824.97706
-2824.97675
-2824.97647
-2824.97640
-2824.97656
-2824.97681
-2824.97709
-2824.97737
-2824.97760
-2824.97765
-2824.97755
-2824.97720
-2824.97684
-2824.97673
-2824.97699
-2824.97753
-2824.97819
-2824.97872
-2824.97905
-2824.97873
-2824.97818
-2824.97748
-2824.97693
-2824.97682
-2824.97713
-2824.97776
-2824.97840
-2824.97882
-2824.97889
-2824.97852
-2824.97778
-2824.97692
-2824.97651
-2824.97660
-2824.97652
-2824.97697
-2824.97780
-2824.97888
-2824.97983
-2824.98019
-2824.97966
-2824.97832
-2824.97686
-2824.97591
-2824.97571
-2824.97602
-2824.97654
-2824.97712
-2824.97735
-2824.97725
-2824.97711
-2824.97677
-2824.97649
-2824.97623
-2824.97605
-2824.97606
-2824.97644
-2824.97730
-2824.97803
-2824.97838
-2824.97808
-2824.97713
-2824.97625
-2824.97577
-2824.97592
-2824.97686
-2824.97870
-2824.98073
-2824.98195
-2824.98175
-2824.98033
-2824.97854
-2824.97730
-2824.97696
-2824.97716
-2824.97767
-2824.97837
-2824.97894
-2824.97899
-2824.97865
-2824.97836
-2824.97881
-2824.97985
-2824.98067
-2824.98062
-2824.97957
-2824.97813
-2824.97693
-2824.97638
-2824.97656
-2824.97753
-2824.97916
-2824.98068
-2824.98123
-2824.98044
-2824.97874
-2824.97708
-2824.97618
-2824.97602
-2824.97626
-2824.97670
-2824.97735
-2824.97803
-2824.97854
-2824.97889
-2824.97914
-2824.97944
-2824.97980
-2824.98010
-2824.98038
-2824.98084
-2824.98163
-2824.98254
-2824.98343
-2824.98408
-2824.98447
-2824.98455
-2824.98435
-2824.98406
-2824.98397
-2824.98415
-2824.98438
-2824.98449
-2824.98464
-2824.98494
-2824.98521
-2824.98500
-2824.98405
-2824.98243
-2824.98032
-2824.97794
-2824.97509
-2824.97195
-2824.97862
-2824.97911
-2824.97959
-2824.97994
-2824.97993
-2824.97941
-2824.97883
-2824.97826
-2824.97800
-2824.97810
-2824.97840
-2824.97881
-2824.97910
-2824.97926
-2824.97932
-2824.97901
-2824.97862
-2824.97820
-2824.97795
-2824.97793
-2824.97819
-2824.97860
-2824.97899
-2824.97919
-2824.97906
-2824.97869
-2824.97821
-2824.97787
-2824.97774
-2824.97784
-2824.97809
-2824.97838
-2824.97861
-2824.97884
-2824.97893
-2824.97883
-2824.97883
-2824.97872
-2824.97869
-2824.97888
-2824.97915
-2824.97931
-2824.97923
-2824.97894
-2824.97853
-2824.97814
-2824.97772
-2824.97751
-2824.97740
-2824.97745
-2824.97767
-2824.97793
-2824.97817
-2824.97838
-2824.97868
-2824.97894
-2824.97916
-2824.97922
-2824.97910
-2824.97897
-2824.97887
-2824.97892
-2824.97903
-2824.97933
-2824.97981
-2824.98017
-2824.98026
-2824.98002
-2824.97953
-2824.97908
-2824.97878
-2824.97857
-2824.97841
-2824.97858
-2824.97917
-2824.97994
-2824.98040
-2824.98011
-2824.97914
-2824.97831
-2824.97821
-2824.97879
-2824.97983
-2824.98123
-2824.98283
-2824.98391
-2824.98432
-2824.98385
-2824.98261
-2824.98114
-2824.98008
-2824.97923
-2824.97874
-2824.97880
-2824.97972
-2824.98116
-2824.98212
-2824.98144
-2824.97944
-2824.97766
-2824.97819
-2824.97859
-2824.97901
-2824.97929
-2824.97926
-2824.97886
-2824.97826
-2824.97772
-2824.97752
-2824.97757
-2824.97783
-2824.97814
-2824.97840
-2824.97860
-2824.97860
-2824.97836
-2824.97809
-2824.97783
-2824.97767
-2824.97767
-2824.97787
-2824.97815
-2824.97839
-2824.97841
-2824.97820
-2824.97775
-2824.97734
-2824.97706
-2824.97695
-2824.97700
-2824.97716
-2824.97736
-2824.97749
-2824.97764
-2824.97768
-2824.97759
-2824.97757
-2824.97752
-2824.97753
-2824.97766
-2824.97784
-2824.97792
-2824.97781
-2824.97755
-2824.97726
-2824.97701
-2824.97673
-2824.97662
-2824.97654
-2824.97660
-2824.97679
-2824.97698
-2824.97714
-2824.97731
-2824.97752
-2824.97774
-2824.97797
-2824.97807
-2824.97804
-2824.97796
-2824.97797
-2824.97817
-2824.97833
-2824.97862
-2824.97894
-2824.97920
-2824.97925
-2824.97905
-2824.97869
-2824.97849
-2824.97838
-2824.97831
-2824.97837
-2824.97865
-2824.97916
-2824.97967
-2824.97981
-2824.97938
-2824.97871
-2824.97840
-2824.97861
-2824.97919
-2824.98000
-2824.98097
-2824.98168
-2824.98189
-2824.98165
-2824.98097
-2824.98005
-2824.97943
-2824.97909
-2824.97906
-2824.97936
-2824.98016
-2824.98128
-2824.98198
-2824.98158
-2824.98000
-2824.97841
-2824.97777
-2824.97881
-2824.97893
-2824.97924
-2824.97959
-2824.97989
-2824.97996
-2824.97962
-2824.97900
-2824.97832
-2824.97796
-2824.97799
-2824.97830
-2824.97873
-2824.97937
-2824.97979
-2824.97980
-2824.97949
-2824.97911
-2824.97871
-2824.97858
-2824.97882
-2824.97945
-2824.98030
-2824.98103
-2824.98142
-2824.98114
-2824.98044
-2824.97970
-2824.97936
-2824.97964
-2824.98040
-2824.98129
-2824.98210
-2824.98236
-2824.98190
-2824.98081
-2824.97961
-2824.97856
-2824.97794
-2824.97786
-2824.97824
-2824.97872
-2824.97881
-2824.97848
-2824.97793
-2824.97746
-2824.97713
-2824.97699
-2824.97697
-2824.97711
-2824.97736
-2824.97761
-2824.97784
-2824.97808
-2824.97829
-2824.97840
-2824.97850
-2824.97862
-2824.97875
-2824.97885
-2824.97875
-2824.97863
-2824.97859
-2824.97880
-2824.97940
-2824.98016
-2824.98070
-2824.98072
-2824.98012
-2824.97904
-2824.97810
-2824.97760
-2824.97785
-2824.97919
-2824.98153
-2824.98420
-2824.98630
-2824.98699
-2824.98615
-2824.98399
-2824.98159
-2824.97984
-2824.97916
-2824.97944
-2824.98023
-2824.98090
-2824.98141
-2824.98152
-2824.98129
-2824.98089
-2824.98050
-2824.98003
-2824.97965
-2824.97956
-2824.97971
-2824.98009
-2824.98072
-2824.98118
-2824.98143
-2824.98126
-2824.97688
-2824.97692
-2824.97695
-2824.97697
-2824.97701
-2824.97693
-2824.97675
-2824.97681
-2824.97681
-2824.97685
-2824.97704
-2824.97739
-2824.97786
-2824.97850
-2824.97915
-2824.97947
-2824.97907
-2824.97807
-2824.97691
-2824.97626
-2824.97623
-2824.97668
-2824.97769
-2824.97899
-2824.97980
-2824.97979
-2824.97914
-2824.97810
-2824.97714
-2824.97674
-2824.97685
-2824.97725
-2824.97790
-2824.97878
-2824.97929
-2824.97944
-2824.97900
-2824.97828
-2824.97775
-2824.97760
-2824.97790
-2824.97832
-2824.97865
-2824.97869
-2824.97852
-2824.97826
-2824.97804
-2824.97804
-2824.97835
-2824.97895
-2824.97944
-2824.97939
-2824.97902
-2824.97815
-2824.97738
-2824.97688
-2824.97672
-2824.97709
-2824.97813
-2824.97943
-2824.98009
-2824.97960
-2824.97850
-2824.97756
-2824.97711
-2824.97714
-2824.97736
-2824.97770
-2824.97801
-2824.97810
-2824.97797
-2824.97786
-2824.97770
-2824.97768
-2824.97764
-2824.97755
-2824.97747
-2824.97748
-2824.97768
-2824.97799
-2824.97831
-2824.97860
-2824.97875
-2824.97880
-2824.97878
-2824.97874
-2824.97867
-2824.97859
-2824.97856
-2824.97852
-2824.97859
-2824.97875
-2824.97888
-2824.97897
-2824.97898
-2824.97896
-2824.97888
-2824.97883
-2824.97874
-2824.97889
-2824.95996
-2824.96801
-2824.97409
-2824.97743
-2824.97849
-2824.97833
-2824.97796
-2824.97829
-2824.97946
-2824.98128
-2824.98334
-2824.98513
-2824.98668
-2824.98775
-2824.98806
-2824.98751
-2824.98673
-2824.98597
-2824.98507
-2824.98388
-2824.98277
-2824.98242
-2824.98352
-2824.98595
-2824.98860
-2824.99017
-2824.98990
-2824.98754
-2824.98319
-2824.97755
-2824.97236
-2824.96934
-2824.96771
-2824.96495
-2824.96267
-2824.96308
-2824.96767
-2824.97508
-2824.98100
-2824.98251
-2824.98087
-2824.97884
-2824.97787
-2824.97766
-2824.97768
-2824.97757
-2824.97724
-2824.97691
-2824.97672
-2824.97618
-2824.96266
-2824.96360
-2824.96534
-2824.96830
-2824.97222
-2824.97581
-2824.97782
-2824.97777
-2824.97593
-2824.97355
-2824.97269
-2824.97438
-2824.97723
-2824.98001
-2824.98227
-2824.98365
-2824.98413
-2824.98380
-2824.98296
-2824.98213
-2824.98163
-2824.98180
-2824.98267
-2824.98395
-2824.98539
-2824.98687
-2824.98796
-2824.98841
-2824.98803
-2824.98693
-2824.98571
-2824.98513
-2824.98535
-2824.98566
-2824.98554
-2824.98522
-2824.98490
-2824.98442
-2824.98365
-2824.98269
-2824.98169
-2824.98091
-2824.98057
-2824.98054
-2824.98074
-2824.98113
-2824.98151
-2824.98165
-2824.98152
-2824.98117
-2824.98326
-2824.98434
-2824.98537
-2824.98601
-2824.98626
-2824.98581
-2824.98468
-2824.98297
-2824.98122
-2824.97986
-2824.97930
-2824.97958
-2824.98071
-2824.98245
-2824.98429
-2824.98523
-2824.98495
-2824.98345
-2824.98144
-2824.97949
-2824.97826
-2824.97800
-2824.97877
-2824.98024
-2824.98124
-2824.98090
-2824.97870
-2824.97479
-2824.97052
-2824.96723
-2824.96583
-2824.96650
-2824.96901
-2824.97271
-2824.97663
-2824.97982
-2824.98153
-2824.98188
-2824.98181
-2824.98169
-2824.98198
-2824.98280
-2824.98382
-2824.98467
-2824.98528
-2824.98556
-2824.98543
-2824.98505
-2824.98463
-2824.98433
-2824.98327
-2824.98434
-2824.98537
-2824.98601
-2824.98626
-2824.98580
-2824.98468
-2824.98297
-2824.98123
-2824.97987
-2824.97929
-2824.97958
-2824.98071
-2824.98244
-2824.98429
-2824.98523
-2824.98495
-2824.98346
-2824.98143
-2824.97950
-2824.97826
-2824.97801
-2824.97877
-2824.98024
-2824.98125
-2824.98091
-2824.97870
-2824.97480
-2824.97052
-2824.96723
-2824.96583
-2824.96650
-2824.96901
-2824.97271
-2824.97663
-2824.97982
-2824.98154
-2824.98189
-2824.98181
-2824.98169
-2824.98198
-2824.98280
-2824.98382
-2824.98467
-2824.98528
-2824.98557
-2824.98544
-2824.98505
-2824.98463
-2824.98433
-2824.96167
-2824.96137
-2824.96232
-2824.96429
-2824.96679
-2824.96926
-2824.97140
-2824.97342
-2824.97549
-2824.97762
-2824.97968
-2824.98151
-2824.98313
-2824.98417
-2824.98462
-2824.98466
-2824.98447
-2824.98413
-2824.98323
-2824.98188
-2824.98097
-2824.98111
-2824.98238
-2824.98421
-2824.98527
-2824.98442
-2824.98161
-2824.97765
-2824.97378
-2824.97119
-2824.97013
-2824.97075
-2824.97341
-2824.97760
-2824.98205
-2824.98549
-2824.98680
-2824.98584
-2824.98356
-2824.98126
-2824.98014
-2824.98035
-2824.98149
-2824.98297
-2824.98407
-2824.98441
-2824.98401
-2824.98317
-2824.98218
-2824.98123
-2824.95590
-2824.95817
-2824.96120
-2824.96458
-2824.96781
-2824.97073
-2824.97278
-2824.97399
-2824.97439
-2824.97455
-2824.97453
-2824.97460
-2824.97502
-2824.97596
-2824.97738
-2824.97888
-2824.98009
-2824.98068
-2824.98069
-2824.98037
-2824.98021
-2824.98048
-2824.98125
-2824.98240
-2824.98358
-2824.98443
-2824.98504
-2824.98564
-2824.98608
-2824.98593
-2824.98483
-2824.98267
-2824.97966
-2824.97643
-2824.97354
-2824.97105
-2824.96937
-2824.96937
-2824.97194
-2824.97615
-2824.97960
-2824.98097
-2824.98096
-2824.98072
-2824.98088
-2824.98132
-2824.98160
-2824.98162
-2824.98148
-2824.98127
-2824.95591
-2824.95817
-2824.96119
-2824.96458
-2824.96780
-2824.97073
-2824.97278
-2824.97399
-2824.97438
-2824.97454
-2824.97452
-2824.97461
-2824.97502
-2824.97596
-2824.97737
-2824.97888
-2824.98008
-2824.98069
-2824.98069
-2824.98038
-2824.98021
-2824.98049
-2824.98125
-2824.98240
-2824.98358
-2824.98443
-2824.98503
-2824.98564
-2824.98608
-2824.98593
-2824.98483
-2824.98267
-2824.97966
-2824.97643
-2824.97353
-2824.97105
-2824.96936
-2824.96937
-2824.97194
-2824.97615
-2824.97961
-2824.98097
-2824.98096
-2824.98072
-2824.98088
-2824.98132
-2824.98161
-2824.98162
-2824.98148
-2824.98127
-2824.98022
-2824.98159
-2824.98346
-2824.98580
-2824.98824
-2824.98948
-2824.98891
-2824.98630
-2824.98253
-2824.97942
-2824.97830
-2824.97890
-2824.98040
-2824.98262
-2824.98556
-2824.98817
-2824.98948
-2824.98912
-2824.98693
-2824.98403
-2824.98178
-2824.98080
-2824.98103
-2824.98231
-2824.98406
-2824.98513
-2824.98439
-2824.98153
-2824.97725
-2824.97268
-2824.96919
-2824.96737
-2824.96619
-2824.96519
-2824.96528
-2824.96675
-2824.96913
-2824.97135
-2824.97222
-2824.97214
-2824.97307
-2824.97540
-2824.97809
-2824.98028
-2824.98135
-2824.98148
-2824.98146
-2824.98193
-2824.98274
-2824.98365
-2824.98222
-2824.98242
-2824.98290
-2824.98317
-2824.98299
-2824.98230
-2824.98133
-2824.98047
-2824.97962
-2824.97895
-2824.97874
-2824.97888
-2824.97931
-2824.98009
-2824.98073
-2824.98027
-2824.97791
-2824.97370
-2824.96934
-2824.96728
-2824.96756
-2824.96815
-2824.96914
-2824.97157
-2824.97471
-2824.97751
-2824.97902
-2824.97919
-2824.97816
-2824.97691
-2824.97656
-2824.97698
-2824.97764
-2824.97868
-2824.98038
-2824.98224
-2824.98346
-2824.98337
-2824.98223
-2824.98115
-2824.98091
-2824.98179
-2824.98319
-2824.98455
-2824.98530
-2824.98527
-2824.98467
-2824.98394
-2824.98337
-2824.98297
-2824.97420
-2824.97443
-2824.97447
-2824.97444
-2824.97424
-2824.97419
-2824.97416
-2824.97421
-2824.97425
-2824.97424
-2824.97425
-2824.97438
-2824.97443
-2824.97428
-2824.97423
-2824.97423
-2824.97422
-2824.97430
-2824.97449
-2824.97478
-2824.97520
-2824.97538
-2824.97534
-2824.97501
-2824.97475
-2824.97453
-2824.97453
-2824.97470
-2824.97498
-2824.97531
-2824.97569
-2824.97581
-2824.97570
-2824.97560
-2824.97549
-2824.97543
-2824.97544
-2824.97558
-2824.97583
-2824.97614
-2824.97635
-2824.97647
-2824.97651
-2824.97656
-2824.97657
-2824.97658
-2824.97656
-2824.97649
-2824.97622
-2824.97598
-2824.97617
-2824.97676
-2824.97782
-2824.97942
-2824.98101
-2824.98206
-2824.98230
-2824.98143
-2824.97973
-2824.97789
-2824.97653
-2824.97583
-2824.97603
-2824.97731
-2824.98035
-2824.98496
-2824.98947
-2824.99256
-2824.99355
-2824.99236
-2824.98885
-2824.98364
-2824.97863
-2824.97579
-2824.97506
-2824.97551
-2824.97735
-2824.98083
-2824.98471
-2824.98780
-2824.98927
-2824.98889
-2824.98682
-2824.98352
-2824.97986
-2824.97699
-2824.97569
-2824.97554
-2824.97596
-2824.97721
-2824.97927
-2824.98135
-2824.98313
-2824.98373
-2824.98300
-2824.98140
-2824.97944
-2824.97782
-2824.97719
-2824.97746
-2824.97476
-2824.97505
-2824.97513
-2824.97509
-2824.97489
-2824.97480
-2824.97477
-2824.97484
-2824.97497
-2824.97509
-2824.97520
-2824.97527
-2824.97543
-2824.97534
-2824.97534
-2824.97531
-2824.97529
-2824.97528
-2824.97542
-2824.97544
-2824.97541
-2824.97537
-2824.97532
-2824.97526
-2824.97518
-2824.97507
-2824.97497
-2824.97491
-2824.97486
-2824.97477
-2824.97475
-2824.97486
-2824.97510
-2824.97538
-2824.97554
-2824.97545
-2824.97513
-2824.97473
-2824.97441
-2824.97422
-2824.97432
-2824.97502
-2824.97644
-2824.97833
-2824.97966
-2824.97977
-2824.97868
-2824.97704
-2824.97570
-2824.97492
-2824.97470
-2824.97508
-2824.97569
-2824.97653
-2824.97719
-2824.97754
-2824.97729
-2824.97673
-2824.97600
-2824.97550
-2824.97515
-2824.97504
-2824.97519
-2824.97548
-2824.97575
-2824.97602
-2824.97609
-2824.97581
-2824.97551
-2824.97515
-2824.97487
-2824.97481
-2824.97487
-2824.97508
-2824.97528
-2824.97547
-2824.97541
-2824.97511
-2824.97489
-2824.97470
-2824.97462
-2824.97467
-2824.97475
-2824.97487
-2824.97502
-2824.97515
-2824.97523
-2824.97525
-2824.97519
-2824.97515
-2824.97511
-2824.97520
-2824.97530
-2824.97532
-2824.97532
-2824.97532
-2824.97537
-2824.97533
-2824.97528
-2824.97520
-2824.96266
-2824.96360
-2824.96534
-2824.96830
-2824.97222
-2824.97581
-2824.97782
-2824.97777
-2824.97593
-2824.97355
-2824.97269
-2824.97438
-2824.97723
-2824.98001
-2824.98227
-2824.98365
-2824.98413
-2824.98380
-2824.98296
-2824.98213
-2824.98163
-2824.98180
-2824.98267
-2824.98395
-2824.98539
-2824.98687
-2824.98796
-2824.98841
-2824.98803
-2824.98693
-2824.98571
-2824.98513
-2824.98535
-2824.98566
-2824.98554
-2824.98522
-2824.98490
-2824.98442
-2824.98365
-2824.98269
-2824.98169
-2824.98091
-2824.98057
-2824.98054
-2824.98074
-2824.98113
-2824.98151
-2824.98165
-2824.98152
-2824.98117
-2824.98092
-2824.98067
-2824.98024
-2824.97979
-2824.97938
-2824.97886
-2824.97862
-2824.97881
-2824.97936
-2824.97995
-2824.98028
-2824.97987
-2824.97874
-2824.97764
-2824.97671
-2824.97630
-2824.97739
-2824.97967
-2824.98198
-2824.98340
-2824.98323
-2824.98156
-2824.97894
-2824.97668
-2824.97538
-2824.97497
-2824.97597
-2824.97904
-2824.98222
-2824.98306
-2824.98125
-2824.97825
-2824.97551
-2824.97380
-2824.97354
-2824.97443
-2824.97630
-2824.97940
-2824.98296
-2824.98595
-2824.98735
-2824.98723
-2824.98561
-2824.98322
-2824.98122
-2824.98003
-2824.98008
-2824.98139
-2824.98337
-2824.98513
-2824.97534
-2824.97530
-2824.97526
-2824.97514
-2824.97508
-2824.97492
-2824.97476
-2824.97450
-2824.97438
-2824.97426
-2824.97422
-2824.97422
-2824.97427
-2824.97437
-2824.97459
-2824.97466
-2824.97455
-2824.97451
-2824.97442
-2824.97439
-2824.97445
-2824.97466
-2824.97498
-2824.97541
-2824.97564
-2824.97564
-2824.97536
-2824.97504
-2824.97474
-2824.97461
-2824.97468
-2824.97487
-2824.97509
-2824.97522
-2824.97535
-2824.97514
-2824.97502
-2824.97487
-2824.97473
-2824.97462
-2824.97455
-2824.97449
-2824.97439
-2824.97438
-2824.97436
-2824.97435
-2824.97438
-2824.97439
-2824.97446
-2824.97455
-2824.97470
-2824.97487
-2824.97500
-2824.97517
-2824.97526
-2824.97530
-2824.97527
-2824.97519
-2824.97504
-2824.97493
-2824.97499
-2824.97525
-2824.97583
-2824.97662
-2824.97729
-2824.97747
-2824.97705
-2824.97617
-2824.97522
-2824.97461
-2824.97433
-2824.97440
-2824.97481
-2824.97552
-2824.97616
-2824.97634
-2824.97588
-2824.97509
-2824.97443
-2824.97412
-2824.97406
-2824.97414
-2824.97438
-2824.97467
-2824.97491
-2824.97499
-2824.97493
-2824.97488
-2824.97482
-2824.97485
-2824.97496
-2824.97523
-2824.97548
-2824.97566
-2824.97581
-2824.97590
-2824.97600
-2824.97601
-2824.97597
-2824.97592
-2824.97617
-2824.97614
-2824.97610
-2824.97601
-2824.97596
-2824.97578
-2824.97557
-2824.97525
-2824.97506
-2824.97489
-2824.97483
-2824.97484
-2824.97493
-2824.97508
-2824.97535
-2824.97545
-2824.97531
-2824.97522
-2824.97509
-2824.97503
-2824.97511
-2824.97539
-2824.97582
-2824.97640
-2824.97673
-2824.97674
-2824.97635
-2824.97590
-2824.97544
-2824.97523
-2824.97530
-2824.97556
-2824.97589
-2824.97610
-2824.97626
-2824.97606
-2824.97591
-2824.97574
-2824.97555
-2824.97542
-2824.97533
-2824.97528
-2824.97516
-2824.97514
-2824.97512
-2824.97509
-2824.97506
-2824.97502
-2824.97501
-2824.97505
-2824.97516
-2824.97528
-2824.97535
-2824.97553
-2824.97564
-2824.97573
-2824.97578
-2824.97579
-2824.97578
-2824.97573
-2824.97566
-2824.97550
-2824.97544
-2824.97563
-2824.97615
-2824.97689
-2824.97749
-2824.97759
-2824.97700
-2824.97616
-2824.97546
-2824.97515
-2824.97514
-2824.97530
-2824.97551
-2824.97562
-2824.97563
-2824.97554
-2824.97540
-2824.97525
-2824.97515
-2824.97506
-2824.97500
-2824.97493
-2824.97483
-2824.97480
-2824.97478
-2824.97480
-2824.97484
-2824.97492
-2824.97503
-2824.97514
-2824.97526
-2824.97527
-2824.97541
-2824.97554
-2824.97583
-2824.97595
-2824.97587
-2824.97589
-2824.97473
-2824.97468
-2824.97465
-2824.97457
-2824.97443
-2824.97444
-2824.97441
-2824.97436
-2824.97429
-2824.97426
-2824.97417
-2824.97423
-2824.97432
-2824.97427
-2824.97414
-2824.97413
-2824.97400
-2824.97395
-2824.97404
-2824.97431
-2824.97466
-2824.97491
-2824.97494
-2824.97478
-2824.97455
-2824.97434
-2824.97425
-2824.97435
-2824.97460
-2824.97496
-2824.97533
-2824.97548
-2824.97549
-2824.97534
-2824.97498
-2824.97467
-2824.97442
-2824.97428
-2824.97438
-2824.97470
-2824.97510
-2824.97545
-2824.97553
-2824.97526
-2824.97467
-2824.97408
-2824.97379
-2824.97375
-2824.97386
-2824.97402
-2824.97422
-2824.97419
-2824.97405
-2824.97398
-2824.97393
-2824.97393
-2824.97396
-2824.97403
-2824.97410
-2824.97408
-2824.97419
-2824.97424
-2824.97423
-2824.97432
-2824.97438
-2824.97440
-2824.97441
-2824.97434
-2824.97425
-2824.97417
-2824.97413
-2824.97426
-2824.97443
-2824.97454
-2824.97469
-2824.97487
-2824.97497
-2824.97501
-2824.97501
-2824.97502
-2824.97498
-2824.97488
-2824.97490
-2824.97489
-2824.97494
-2824.97505
-2824.97518
-2824.97527
-2824.97532
-2824.97534
-2824.97537
-2824.97546
-2824.97547
-2824.97537
-2824.97522
-2824.97537
-2824.97588
-2824.97658
-2824.97727
-2824.97755
-2824.97544
-2824.97538
-2824.97532
-2824.97523
-2824.97508
-2824.97506
-2824.97501
-2824.97493
-2824.97486
-2824.97483
-2824.97477
-2824.97486
-2824.97494
-2824.97491
-2824.97481
-2824.97467
-2824.97448
-2824.97441
-2824.97453
-2824.97492
-2824.97540
-2824.97573
-2824.97577
-2824.97555
-2824.97523
-2824.97494
-2824.97482
-2824.97494
-2824.97527
-2824.97572
-2824.97621
-2824.97647
-2824.97648
-2824.97625
-2824.97580
-2824.97539
-2824.97504
-2824.97487
-2824.97500
-2824.97544
-2824.97599
-2824.97651
-2824.97672
-2824.97636
-2824.97558
-2824.97477
-2824.97432
-2824.97423
-2824.97439
-2824.97464
-2824.97493
-2824.97495
-2824.97477
-2824.97467
-2824.97458
-2824.97452
-2824.97453
-2824.97462
-2824.97474
-2824.97477
-2824.97491
-2824.97497
-2824.97497
-2824.97507
-2824.97514
-2824.97514
-2824.97512
-2824.97507
-2824.97499
-2824.97490
-2824.97485
-2824.97483
-2824.97482
-2824.97475
-2824.97466
-2824.97458
-2824.97455
-2824.97455
-2824.97458
-2824.97458
-2824.97472
-2824.97482
-2824.97492
-2824.97496
-2824.97499
-2824.97502
-2824.97505
-2824.97509
-2824.97517
-2824.97529
-2824.97530
-2824.97547
-2824.97558
-2824.97560
-2824.97555
-2824.97543
-2824.97538
-2824.97539
-2824.97562
-2824.97606
-2824.97676
-2824.97706
-2824.97738
-2824.97757
-2824.97753
-2824.97724
-2824.97682
-2824.97643
-2824.97619
-2824.97616
-2824.97633
-2824.97658
-2824.97677
-2824.97696
-2824.97700
-2824.97686
-2824.97674
-2824.97666
-2824.97665
-2824.97662
-2824.97671
-2824.97683
-2824.97688
-2824.97678
-2824.97652
-2824.97609
-2824.97583
-2824.97564
-2824.97556
-2824.97556
-2824.97563
-2824.97573
-2824.97578
-2824.97589
-2824.97578
-2824.97580
-2824.97581
-2824.97582
-2824.97584
-2824.97589
-2824.97598
-2824.97596
-2824.97581
-2824.97563
-2824.97546
-2824.97536
-2824.97524
-2824.97517
-2824.97512
-2824.97518
-2824.97527
-2824.97543
-2824.97552
-2824.97561
-2824.97577
-2824.97598
-2824.97616
-2824.97628
-2824.97629
-2824.97632
-2824.97639
-2824.97663
-2824.97679
-2824.97714
-2824.97723
-2824.97738
-2824.97735
-2824.97716
-2824.97699
-2824.97696
-2824.97698
-2824.97707
-2824.97723
-2824.97754
-2824.97786
-2824.97804
-2824.97794
-2824.97755
-2824.97717
-2824.97708
-2824.97732
-2824.97765
-2824.97798
-2824.97832
-2824.97838
-2824.97815
-2824.97783
-2824.97744
-2824.97714
-2824.97711
-2824.97733
-2824.97778
-2824.97841
-2824.97908
-2824.97934
-2824.97905
-2824.97828
-2824.97738
-2824.97683
-2824.97683
-2824.97748
-2824.97783
-2824.97820
-2824.97844
-2824.97840
-2824.97807
-2824.97756
-2824.97709
-2824.97684
-2824.97688
-2824.97711
-2824.97734
-2824.97757
-2824.97777
-2824.97781
-2824.97763
-2824.97747
-2824.97731
-2824.97721
-2824.97720
-2824.97733
-2824.97752
-2824.97765
-2824.97758
-2824.97733
-2824.97688
-2824.97654
-2824.97629
-2824.97622
-2824.97622
-2824.97633
-2824.97646
-2824.97654
-2824.97666
-2824.97656
-2824.97658
-2824.97658
-2824.97657
-2824.97658
-2824.97667
-2824.97679
-2824.97681
-2824.97668
-2824.97647
-2824.97626
-2824.97611
-2824.97592
-2824.97583
-2824.97576
-2824.97583
-2824.97600
-2824.97614
-2824.97625
-2824.97638
-2824.97655
-2824.97676
-2824.97697
-2824.97709
-2824.97709
-2824.97707
-2824.97715
-2824.97739
-2824.97756
-2824.97783
-2824.97808
-2824.97829
-2824.97831
-2824.97813
-2824.97787
-2824.97779
-2824.97776
-2824.97780
-2824.97793
-2824.97824
-2824.97865
-2824.97896
-2824.97894
-2824.97852
-2824.97804
-2824.97788
-2824.97815
-2824.97860
-2824.97913
-2824.97969
-2824.97996
-2824.97982
-2824.97946
-2824.97891
-2824.97845
-2824.97816
-2824.97824
-2824.97858
-2824.97921
-2824.98002
-2824.98066
-2824.98069
-2824.97988
-2824.97859
-2824.97768
-2824.97750
-2824.95590
-2824.95817
-2824.96120
-2824.96458
-2824.96781
-2824.97073
-2824.97279
-2824.97399
-2824.97439
-2824.97454
-2824.97452
-2824.97460
-2824.97502
-2824.97596
-2824.97738
-2824.97888
-2824.98009
-2824.98069
-2824.98069
-2824.98038
-2824.98021
-2824.98048
-2824.98125
-2824.98241
-2824.98358
-2824.98443
-2824.98504
-2824.98563
-2824.98608
-2824.98593
-2824.98483
-2824.98267
-2824.97966
-2824.97643
-2824.97353
-2824.97105
-2824.96937
-2824.96937
-2824.97195
-2824.97615
-2824.97961
-2824.98096
-2824.98096
-2824.98072
-2824.98089
-2824.98132
-2824.98160
-2824.98162
-2824.98147
-2824.98127
-2824.98108
-2824.98084
-2824.98059
-2824.98028
-2824.98009
-2824.97998
-2824.98004
-2824.98022
-2824.98052
-2824.98085
-2824.98103
-2824.98098
-2824.98061
-2824.97994
-2824.97919
-2824.97862
-2824.97837
-2824.97848
-2824.97890
-2824.97954
-2824.98036
-2824.98096
-2824.98109
-2824.98093
-2824.98046
-2824.97995
-2824.97978
-2824.97986
-2824.98013
-2824.98044
-2824.98041
-2824.97997
-2824.97924
-2824.97857
-2824.97818
-2824.97818
-2824.97860
-2824.97914
-2824.97960
-2824.97977
-2824.97959
-2824.97941
-2824.97928
-2824.97932
-2824.97950
-2824.97992
-2824.98017
-2824.98019
-2824.98006
-2824.97993
-2824.98222
-2824.98241
-2824.98291
-2824.98317
-2824.98299
-2824.98230
-2824.98133
-2824.98047
-2824.97961
-2824.97896
-2824.97875
-2824.97888
-2824.97932
-2824.98009
-2824.98073
-2824.98028
-2824.97791
-2824.97370
-2824.96935
-2824.96729
-2824.96756
-2824.96815
-2824.96915
-2824.97157
-2824.97471
-2824.97752
-2824.97902
-2824.97919
-2824.97816
-2824.97691
-2824.97655
-2824.97697
-2824.97764
-2824.97869
-2824.98038
-2824.98224
-2824.98346
-2824.98337
-2824.98223
-2824.98115
-2824.98091
-2824.98178
-2824.98319
-2824.98455
-2824.98530
-2824.98528
-2824.98467
-2824.98394
-2824.98337
-2824.98297
-2824.98277
-2824.98268
-2824.98263
-2824.98260
-2824.98260
-2824.98270
-2824.98277
-2824.98291
-2824.98331
-2824.98417
-2824.98531
-2824.98632
-2824.98636
-2824.98544
-2824.98413
-2824.98317
-2824.98285
-2824.98295
-2824.98298
-2824.98278
-2824.98227
-2824.98165
-2824.98118
-2824.98102
-2824.98107
-2824.98110
-2824.98094
-2824.98101
-2824.98172
-2824.98313
-2824.98462
-2824.98540
-2824.98502
-2824.98356
-2824.98160
-2824.97988
-2824.97879
-2824.97859
-2824.97965
-2824.98117
-2824.98193
-2824.98154
-2824.98046
-2824.97919
-2824.97872
-2824.97873
-2824.97871
-2824.97905
-2824.98031
-2824.98198
-2824.97604
-2824.97606
-2824.97608
-2824.97607
-2824.97612
-2824.97606
-2824.97594
-2824.97603
-2824.97606
-2824.97612
-2824.97628
-2824.97658
-2824.97699
-2824.97751
-2824.97805
-2824.97832
-2824.97806
-2824.97733
-2824.97645
-2824.97595
-2824.97595
-2824.97635
-2824.97709
-2824.97804
-2824.97852
-2824.97836
-2824.97779
-2824.97700
-2824.97635
-2824.97613
-2824.97629
-2824.97665
-2824.97717
-2824.97781
-2824.97809
-2824.97809
-2824.97767
-2824.97714
-2824.97680
-2824.97677
-2824.97706
-2824.97745
-2824.97763
-2824.97762
-2824.97745
-2824.97726
-2824.97713
-2824.97715
-2824.97741
-2824.97787
-2824.97818
-2824.97810
-2824.97774
-2824.97712
-2824.97668
-2824.97641
-2824.97635
-2824.97663
-2824.97735
-2824.97816
-2824.97835
-2824.97789
-2824.97718
-2824.97672
-2824.97652
-2824.97647
-2824.97653
-2824.97662
-2824.97667
-2824.97658
-2824.97644
-2824.97642
-2824.97631
-2824.97633
-2824.97630
-2824.97624
-2824.97618
-2824.97621
-2824.97640
-2824.97662
-2824.97685
-2824.97703
-2824.97713
-2824.97719
-2824.97723
-2824.97720
-2824.97719
-2824.97715
-2824.97715
-2824.97716
-2824.97707
-2824.97724
-2824.97735
-2824.97740
-2824.97739
-2824.97741
-2824.97739
-2824.97737
-2824.97729
-2824.97747
-2824.98209
-2824.98248
-2824.98287
-2824.98326
-2824.98352
-2824.98367
-2824.98343
-2824.98274
-2824.98192
-2824.98133
-2824.98126
-2824.98174
-2824.98266
-2824.98349
-2824.98378
-2824.98353
-2824.98308
-2824.98270
-2824.98258
-2824.98278
-2824.98331
-2824.98414
-2824.98493
-2824.98539
-2824.98561
-2824.98555
-2824.98529
-2824.98485
-2824.98446
-2824.98426
-2824.98409
-2824.98349
-2824.98238
-2824.98090
-2824.97925
-2824.97770
-2824.97632
-2824.97500
-2824.97378
-2824.97279
-2824.97209
-2824.97157
-2824.97079
-2824.96998
-2824.97043
-2824.97250
-2824.97487
-2824.97634
-2824.97704
-2824.97749
-2824.97814
-2824.97921
-2824.98067
-2824.98222
-2824.98336
-2824.98385
-2824.98384
-2824.98352
-2824.98308
-2824.98264
-2824.98238
-2824.98217
-2824.98191
-2824.98156
-2824.98133
-2824.98145
-2824.98196
-2824.98277
-2824.98371
-2824.98462
-2824.98529
-2824.98566
-2824.98583
-2824.98579
-2824.98546
-2824.98486
-2824.98426
-2824.98396
-2824.98396
-2824.98454
-2824.98570
-2824.98686
-2824.98717
-2824.98611
-2824.98362
-2824.97986
-2824.97611
-2824.97334
-2824.97179
-2824.97160
-2824.97306
-2824.97571
-2824.97826
-2824.97972
-2824.98004
-2824.97974
-2824.97940
-2824.97942
-2824.97981
-2824.98044
-2824.97744
-2824.97766
-2824.97777
-2824.97789
-2824.97778
-2824.97741
-2824.97683
-2824.97636
-2824.97631
-2824.97685
-2824.97811
-2824.98013
-2824.98232
-2824.98389
-2824.98426
-2824.98333
-2824.98156
-2824.97976
-2824.97870
-2824.97835
-2824.97848
-2824.97911
-2824.98009
-2824.98107
-2824.98150
-2824.98111
-2824.98005
-2824.97899
-2824.97856
-2824.97882
-2824.97943
-2824.98057
-2824.98163
-2824.98237
-2824.98266
-2824.98258
-2824.98235
-2824.98203
-2824.98167
-2824.98140
-2824.98120
-2824.98101
-2824.98077
-2824.98051
-2824.98021
-2824.97983
-2824.97926
-2824.97830
-2824.97683
-2824.97515
-2824.97364
-2824.97244
-2824.97135
-2824.97005
-2824.96844
-2824.96665
-2824.96505
-2824.96412
-2824.96403
-2824.96471
-2824.96595
-2824.96770
-2824.97011
-2824.97312
-2824.97617
-2824.97825
-2824.97892
-2824.97868
-2824.97822
-2824.97852
-2824.97969
-2824.98122
-2824.98246
-2824.98277
-2824.98194
-2824.98037
-2824.97867
-2824.97707
-2824.97533
-2824.97361
-2824.97249
-2824.97215
-2824.97237
-2824.97290
-2824.97380
-2824.97508
-2824.97659
-2824.97819
-2824.97968
-2824.98074
-2824.98065
-2824.97907
-2824.97631
-2824.97325
-2824.97076
-2824.96965
-2824.96967
-2824.96946
-2824.96828
-2824.96646
-2824.97787
-2824.97766
-2824.97768
-2824.97757
-2824.97724
-2824.97691
-2824.97672
-2824.97618
-2824.97694
-2824.97420
-2824.97430
-2824.97499
-2824.97561
-2824.97638
-2824.97737
-2824.97837
-2824.97913
-2824.97944
-2824.97938
-2824.97897
-2824.97845
-2824.97751
-2824.97662
-2824.97612
-2824.98024
-2824.97979
-2824.97938
-2824.97886
-2824.97739
-2824.97967
-2824.98198
-2824.98340
-2824.98323
-2824.98156
-2824.97630
-2824.97940
-2824.98296
-2824.98122
-2824.98003
-2824.98008
-2824.98139
-2824.98752
-2824.98604
-2824.98426
-2824.98752
-2824.98604
-2824.98426
-2824.98126
-2824.98014
-2824.98035
-2824.98149
-2824.98038
-2824.98034
-2824.98028
-2824.98017
-2824.98009
-2824.97987
-2824.97968
-2824.97962
-2824.97960
-2824.97957
-2824.97956
-2824.97964
-2824.97981
-2824.98013
-2824.98068
-2824.98151
-2824.98246
-2824.98328
-2824.98360
-2824.98328
-2824.97966
-2824.97643
-2824.98097
-2824.98096
-2824.98072
-2824.98088
-2824.98132
-2824.98098
-2824.98060
-2824.97994
-2824.97919
-2824.97861
-2824.97837
-2824.97848
-2824.97890
-2824.97954
-2824.97966
-2824.97643
-2824.98097
-2824.98096
-2824.98072
-2824.98088
-2824.98132
-2824.98099
-2824.98060
-2824.97994
-2824.97919
-2824.97861
-2824.97837
-2824.97848
-2824.97890
-2824.97954
-2824.98245
-2824.98283
-2824.98331
-2824.98373
-2824.98413
-2824.98427
-2824.98393
-2824.98310
-2824.98195
-2824.98085
-2824.98023
-2824.98020
-2824.98068
-2824.98133
-2824.98182
-2824.98190
-2824.98166
-2824.98093
-2824.98028
-2824.97973
-2824.97953
-2824.97991
-2824.98105
-2824.98266
-2824.98399
-2824.98435
-2824.98373
-2824.98222
-2824.98064
-2824.97932
-2824.97842
-2824.97802
-2824.97844
-2824.97983
-2824.98131
-2824.98270
-2824.98354
-2824.98359
-2824.98530
-2824.98527
-2824.98467
-2824.98394
-2824.98337
-2824.98297
-2824.98260
-2824.98270
-2824.98277
-2824.98291
-2824.98331
-2824.98417
-2824.98530
-2824.98632
-2824.98636
-2824.98544
-2824.98412
-2824.98318
-2824.98285
-2824.98294
-2824.98298
-2824.98278
-2824.98227
-2824.98165
-2824.98118
-2824.98102
-2824.98108
-2824.98110
-2824.98094
-2824.98101
-2824.98172
-2824.98313
-2824.98462
-2824.98540
-2824.98503
-2824.98356
-2824.98160
-2824.97988
-2824.97879
-2824.97860
-2824.97965
-2824.98465
-2824.98392
-2824.98300
-2824.98211
-2824.98135
-2824.98072
-2824.98024
-2824.97982
-2824.97935
-2824.97880
-2824.97817
-2824.97757
-2824.97604
-2824.97511
-2824.97502
-2824.97574
-2824.97694
-2824.97822
-2824.97932
-2824.97983
-2824.97990
-2824.97961
-2824.97939
-2824.97927
-2824.97939
-2824.98361
-2824.98336
-2824.97853
-2824.97900
-2824.98075
-2824.98304
-2824.98478
-2824.98408
-2824.98244
-2824.98068
-2824.97940
-2824.97876
-2824.97872
-2824.98061
-2824.98057
-2824.98050
-2824.98042
-2824.98028
-2824.98038
-2824.98166
-2824.98169
-2824.98167
-2824.98102
-2824.98017
-2824.97978
-2824.98004
-2824.98026
-2824.98012
-2824.97957
-2824.97879
-2824.97795
-2824.97716
-2824.97663
-2824.97638
-2824.97620
-2824.97593
-2824.97568
-2824.97559
-2824.97553
-2824.97562
-2824.98124
-2824.98114
-2824.98098
-2824.98062
-2824.98006
-2824.97925
-2824.97830
-2824.97737
-2824.97676
-2824.97638
-2824.97659
-2824.97769
-2824.97937
-2824.98076
-2824.98089
-2824.97949
-2824.97713
-2824.97489
-2824.97371
-2824.97370
-2824.97466
-2824.97672
-2824.97954
-2824.98226
-2824.98371
-2824.98351
-2824.98216
-2824.98035
-2824.97903
-2824.97867
-2824.97917
-2824.98013
-2824.98102
-2824.98137
-2824.98109
-2824.98044
-2824.97976
-2824.97923
-2824.97894
-2824.97894
-2824.97894
-2824.97899
-2824.97865
-2824.97836
-2824.97881
-2824.97985
-2824.98067
-2824.98062
-2824.97957
-2824.97813
-2824.97693
-2824.97638
-2824.97656
-2824.97753
-2824.97916
-2824.98068
-2824.98123
-2824.98044
-2824.97874
-2824.97708
-2824.97618
-2824.97602
-2824.97626
-2824.97670
-2824.97735
-2824.97803
-2824.97854
-2824.97821
-2824.97879
-2824.97983
-2824.98123
-2824.98283
-2824.98391
-2824.98432
-2824.98385
-2824.98261
-2824.98114
-2824.98008
-2824.97923
-2824.97874
-2824.97880
-2824.97972
-2824.98116
-2824.98212
-2824.98144
-2824.97944
-2824.97766
-2824.98699
-2824.98615
-2824.98399
-2824.98159
-2824.98118
-2824.98143
-2824.98126
-2824.97787
-2824.97766
-2824.97768
-2824.97757
-2824.97724
-2824.97691
-2824.97672
-2824.97618
-2824.98126
-2824.98014
-2824.98035
-2824.98149
-2824.97966
-2824.97643
-2824.98097
-2824.98096
-2824.98072
-2824.98088
-2824.98132
-2824.97966
-2824.97643
-2824.98097
-2824.98096
-2824.98072
-2824.98088
-2824.98132
-2824.98530
-2824.98527
-2824.98467
-2824.98394
-2824.98337
-2824.98297
-2824.97966
-2824.97643
-2824.98096
-2824.98096
-2824.98072
-2824.98089
-2824.98132
-2824.98098
-2824.98061
-2824.97994
-2824.97919
-2824.97862
-2824.97837
-2824.97848
-2824.97890
-2824.97954
-2824.98530
-2824.98528
-2824.98467
-2824.98394
-2824.98337
-2824.98297
-2824.98260
-2824.98270
-2824.98277
-2824.98291
-2824.98331
-2824.98417
-2824.98531
-2824.98632
-2824.98636
-2824.98544
-2824.98413
-2824.98317
-2824.98285
-2824.98295
-2824.98298
-2824.98278
-2824.98227
-2824.98165
-2824.98118
-2824.98102
-2824.98107
-2824.98110
-2824.98094
-2824.98101
-2824.98172
-2824.98313
-2824.98462
-2824.98540
-2824.98502
-2824.98356
-2824.98160
-2824.97988
-2824.97879
-2824.97859
-2824.97965
-2824.98077
-2824.98051
-2824.98021
-2824.97983
-2824.97926