-2824.95991
-2824.967994
-2824.974104
-2824.97745
-2824.97852
-2824.97836
-2824.977983
-2824.978314
-2824.979493
-2824.981321
-2824.983385
-2824.985186
-2824.986745
-2824.987813
-2824.988124
-2824.987571
-2824.986792
-2824.986029
-2824.985122
-2824.983928
-2824.982819
-2824.982466
-2824.983564
-2824.986011
-2824.988669
-2824.99024
-2824.989969
-2824.987603
-2824.983234
-2824.977575
-2824.972365
-2824.969327
-2824.967699
-2824.964919
-2824.96263
-2824.96305
-2824.967656
-2824.975094
-2824.981039
-2824.982558
-2824.980912
-2824.978868
-2824.977894
-2824.977688
-2824.977701
-2824.977596
-2824.977265
-2824.97693
-2824.976743
-2824.976195
-2824.97696
-2824.974214
-2824.974313
-2824.975002
-2824.975622
-2824.976398
-2824.977394
-2824.978397
-2824.979162
-2824.979475
-2824.979415
-2824.979375
-2824.979413
-2824.979554
-2824.979856
-2824.980226
-2824.98047
-2824.980594
-2824.980637
-2824.980781
-2824.980714
-2824.980618
-2824.980197
-2824.979519
-2824.978898
-2824.978681
-2824.97881
-2824.978976
-2824.979001
-2824.978478
-2824.977536
-2824.97664
-2824.976138
-2824.976168
-2824.976894
-2824.978116
-2824.979287
-2824.979921
-2824.980043
-2824.979582
-2824.978896
-2824.978387
-2824.977923
-2824.977482
-2824.977052
-2824.976941
-2824.977334
-2824.978595
-2824.980651
-2824.982814
-2824.962629
-2824.963572
-2824.965311
-2824.968291
-2824.972223
-2824.975826
-2824.977841
-2824.977792
-2824.975944
-2824.973556
-2824.9727
-2824.97439
-2824.977255
-2824.980042
-2824.982315
-2824.983698
-2824.984177
-2824.983851
-2824.983002
-2824.98217
-2824.98167
-2824.981843
-2824.98271
-2824.983997
-2824.985447
-2824.98693
-2824.988023
-2824.988475
-2824.988093
-2824.986995
-2824.985765
-2824.985187
-2824.985407
-2824.985717
-2824.985598
-2824.985276
-2824.984956
-2824.984469
-2824.983696
-2824.982733
-2824.981735
-2824.980948
-2824.98061
-2824.980575
-2824.980779
-2824.981168
-2824.98155
-2824.981694
-2824.981562
-2824.981205
-2824.980955
-2824.980702
-2824.980276
-2824.979825
-2824.979416
-2824.978887
-2824.978649
-2824.978842
-2824.979393
-2824.979985
-2824.98031
-2824.979902
-2824.978769
-2824.977668
-2824.976727
-2824.976322
-2824.977414
-2824.979699
-2824.982024
-2824.98345
-2824.983275
-2824.981604
-2824.978966
-2824.976697
-2824.975391
-2824.974984
-2824.975992
-2824.97907
-2824.982263
-2824.983107
-2824.98129
-2824.978274
-2824.975522
-2824.973806
-2824.973551
-2824.974443
-2824.976321
-2824.979432
-2824.98301
-2824.986003
-2824.987415
-2824.987292
-2824.985664
-2824.983266
-2824.981262
-2824.980066
-2824.980114
-2824.981432
-2824.983419
-2824.985187
-2824.983307
-2824.984389
-2824.985424
-2824.986064
-2824.98632
-2824.98587
-2824.984728
-2824.983012
-2824.981262
-2824.979892
-2824.979331
-2824.979617
-2824.980745
-2824.982489
-2824.984343
-2824.985283
-2824.985005
-2824.983498
-2824.981475
-2824.979526
-2824.978289
-2824.978028
-2824.978798
-2824.980275
-2824.981282
-2824.980939
-2824.978729
-2824.974805
-2824.970515
-2824.967215
-2824.965803
-2824.966478
-2824.968996
-2824.972713
-2824.976653
-2824.979853
-2824.981572
-2824.981924
-2824.981848
-2824.981732
-2824.982019
-2824.982847
-2824.983874
-2824.984725
-2824.985333
-2824.985614
-2824.98549
-2824.985109
-2824.984683
-2824.984377
-2824.984264
-2824.984457
-2824.984849
-2824.985214
-2824.985431
-2824.985474
-2824.985382
-2824.985164
-2824.984755
-2824.984221
-2824.983578
-2824.982977
-2824.982645
-2824.982651
-2824.983062
-2824.983743
-2824.984243
-2824.983686
-2824.981506
-2824.977692
-2824.973543
-2824.970838
-2824.970001
-2824.970529
-2824.972878
-2824.97718
-2824.982158
-2824.986032
-2824.987788
-2824.987582
-2824.986102
-2824.984314
-2824.983085
-2824.982781
-2824.983145
-2824.983884
-2824.9846
-2824.985074
-2824.985229
-2824.985123
-2824.984666
-2824.984057
-2824.983323
-2824.982602
-2824.982164
-2824.982039
-2824.98233
-2824.982957
-2824.983748
-2824.984466
-2824.983313
-2824.984388
-2824.985427
-2824.986067
-2824.98632
-2824.985861
-2824.984732
-2824.983012
-2824.981265
-2824.979902
-2824.979323
-2824.979615
-2824.980742
-2824.982485
-2824.984339
-2824.985284
-2824.985004
-2824.983504
-2824.98147
-2824.979531
-2824.978291
-2824.978032
-2824.978798
-2824.980278
-2824.981287
-2824.980944
-2824.97873
-2824.97481
-2824.970518
-2824.967209
-2824.965804
-2824.966478
-2824.968998
-2824.972714
-2824.976655
-2824.979857
-2824.981579
-2824.981933
-2824.981851
-2824.981729
-2824.982019
-2824.982845
-2824.983874
-2824.984724
-2824.985331
-2824.985621
-2824.985493
-2824.985106
-2824.984682
-2824.984377
-2824.984265
-2824.984453
-2824.984854
-2824.985213
-2824.985429
-2824.985478
-2824.985382
-2824.98514
-2824.984752
-2824.984226
-2824.983579
-2824.982977
-2824.982644
-2824.982655
-2824.98306
-2824.983745
-2824.984244
-2824.98369
-2824.981506
-2824.977695
-2824.973542
-2824.970831
-2824.969999
-2824.970527
-2824.972874
-2824.977178
-2824.982161
-2824.986032
-2824.98779
-2824.987584
-2824.986102
-2824.984315
-2824.983088
-2824.982781
-2824.983143
-2824.983882
-2824.984604
-2824.985071
-2824.985233
-2824.985122
-2824.984663
-2824.984053
-2824.983322
-2824.982608
-2824.982164
-2824.982047
-2824.982336
-2824.982965
-2824.983747
-2824.984467
-2824.961634
-2824.961331
-2824.96228
-2824.964258
-2824.966771
-2824.969253
-2824.971403
-2824.973424
-2824.975509
-2824.977645
-2824.979717
-2824.981553
-2824.983181
-2824.984223
-2824.984669
-2824.984709
-2824.984522
-2824.984183
-2824.983274
-2824.981921
-2824.981009
-2824.981144
-2824.982428
-2824.984259
-2824.98532
-2824.984471
-2824.981647
-2824.977672
-2824.973787
-2824.971186
-2824.970121
-2824.970745
-2824.973419
-2824.97762
-2824.982096
-2824.985549
-2824.986862
-2824.985902
-2824.983609
-2824.981298
-2824.980178
-2824.980383
-2824.981534
-2824.983014
-2824.984119
-2824.984464
-2824.984058
-2824.983216
-2824.982219
-2824.981272
-2824.980467
-2824.979899
-2824.979649
-2824.979683
-2824.979839
-2824.980138
-2824.980654
-2824.981071
-2824.981342
-2824.981554
-2824.981399
-2824.980952
-2824.980592
-2824.980419
-2824.980377
-2824.980311
-2824.980208
-2824.980123
-2824.979901
-2824.979711
-2824.979651
-2824.979632
-2824.979602
-2824.979596
-2824.979669
-2824.979847
-2824.980164
-2824.980715
-2824.981553
-2824.982505
-2824.983322
-2824.983649
-2824.983328
-2824.982574
-2824.981768
-2824.98103
-2824.98043
-2824.980044
-2824.979774
-2824.979795
-2824.979891
-2824.980048
-2824.98028
-2824.980537
-2824.980774
-2824.981213
-2824.981601
-2824.981987
-2824.98217
-2824.981785
-2824.955839
-2824.958121
-2824.961155
-2824.964556
-2824.967793
-2824.970724
-2824.972787
-2824.974003
-2824.974397
-2824.97456
-2824.974541
-2824.974617
-2824.975036
-2824.975979
-2824.977399
-2824.978907
-2824.980124
-2824.980714
-2824.980729
-2824.980409
-2824.980242
-2824.980519
-2824.981287
-2824.982448
-2824.98363
-2824.98448
-2824.985091
-2824.985692
-2824.986135
-2824.985989
-2824.984886
-2824.982716
-2824.979688
-2824.976449
-2824.973552
-2824.971051
-2824.969362
-2824.96936
-2824.971943
-2824.976164
-2824.979634
-2824.981004
-2824.981002
-2824.980759
-2824.980921
-2824.981354
-2824.981642
-2824.98166
-2824.98152
-2824.981309
-2824.981121
-2824.980879
-2824.980631
-2824.980312
-2824.980129
-2824.980014
-2824.980071
-2824.980258
-2824.980557
-2824.980884
-2824.981071
-2824.981019
-2824.980635
-2824.979974
-2824.979217
-2824.978639
-2824.978401
-2824.978507
-2824.97893
-2824.979573
-2824.980404
-2824.981
-2824.981127
-2824.980974
-2824.980493
-2824.979992
-2824.979816
-2824.979889
-2824.980169
-2824.980472
-2824.980451
-2824.980007
-2824.97927
-2824.978598
-2824.978212
-2824.978217
-2824.978635
-2824.979177
-2824.979632
-2824.979799
-2824.979623
-2824.979439
-2824.979306
-2824.979348
-2824.979539
-2824.97995
-2824.980201
-2824.980226
-2824.980093
-2824.979965
-2824.955844
-2824.958119
-2824.961151
-2824.964553
-2824.96779
-2824.970729
-2824.972785
-2824.974005
-2824.974395
-2824.974556
-2824.974535
-2824.974618
-2824.975036
-2824.97598
-2824.977393
-2824.978911
-2824.980118
-2824.980726
-2824.980725
-2824.980412
-2824.980244
-2824.980521
-2824.981293
-2824.982443
-2824.983631
-2824.984483
-2824.985088
-2824.985694
-2824.986134
-2824.985989
-2824.984884
-2824.982711
-2824.97969
-2824.976454
-2824.973539
-2824.971053
-2824.969356
-2824.969362
-2824.971944
-2824.976166
-2824.97964
-2824.981003
-2824.981
-2824.980759
-2824.980917
-2824.98136
-2824.98165
-2824.981662
-2824.981515
-2824.98131
-2824.981123
-2824.980881
-2824.980633
-2824.980313
-2824.980132
-2824.980013
-2824.980072
-2824.980261
-2824.980558
-2824.980881
-2824.981072
-2824.981025
-2824.980639
-2824.979975
-2824.979217
-2824.978639
-2824.978398
-2824.978505
-2824.97893
-2824.97957
-2824.980388
-2824.981003
-2824.981125
-2824.980971
-2824.980494
-2824.979994
-2824.979818
-2824.979894
-2824.98017
-2824.98047
-2824.980445
-2824.980004
-2824.979267
-2824.978598
-2824.978211
-2824.978215
-2824.978627
-2824.979178
-2824.979633
-2824.979795
-2824.979619
-2824.979436
-2824.97931
-2824.979348
-2824.979538
-2824.979947
-2824.980201
-2824.980225
-2824.980095
-2824.979963
-2824.980257
-2824.981629
-2824.983506
-2824.985857
-2824.988305
-2824.989554
-2824.988978
-2824.986357
-2824.982572
-2824.979447
-2824.978324
-2824.978926
-2824.98044
-2824.98266
-2824.985617
-2824.988233
-2824.989551
-2824.98919
-2824.986989
-2824.984076
-2824.981817
-2824.980841
-2824.981065
-2824.982351
-2824.984115
-2824.985186
-2824.984442
-2824.981572
-2824.977272
-2824.972686
-2824.969179
-2824.967356
-2824.966166
-2824.965161
-2824.965257
-2824.966735
-2824.969124
-2824.97135
-2824.972221
-2824.972143
-2824.973074
-2824.975411
-2824.978115
-2824.980319
-2824.981389
-2824.98152
-2824.981502
-2824.981971
-2824.982787
-2824.983694
-2824.984452
-2824.98501
-2824.985302
-2824.985267
-2824.984938
-2824.984468
-2824.984102
-2824.983647
-2824.983079
-2824.982531
-2824.982274
-2824.982241
-2824.98249
-2824.982878
-2824.983353
-2824.983778
-2824.984177
-2824.984317
-2824.983975
-2824.983148
-2824.981995
-2824.980885
-2824.980266
-2824.980234
-2824.98072
-2824.981374
-2824.981862
-2824.981938
-2824.981697
-2824.980964
-2824.980314
-2824.979767
-2824.979565
-2824.979944
-2824.981091
-2824.982707
-2824.98404
-2824.984401
-2824.983777
-2824.98226
-2824.980675
-2824.979351
-2824.978445
-2824.978042
-2824.978471
-2824.979867
-2824.981344
-2824.982745
-2824.983587
-2824.983643
-2824.982266
-2824.982461
-2824.982941
-2824.983216
-2824.983033
-2824.98234
-2824.98137
-2824.980507
-2824.979654
-2824.978983
-2824.978771
-2824.978907
-2824.979346
-2824.980126
-2824.980766
-2824.980309
-2824.977937
-2824.973712
-2824.969336
-2824.967266
-2824.967548
-2824.968135
-2824.969135
-2824.971573
-2824.974728
-2824.977537
-2824.979053
-2824.97922
-2824.97819
-2824.976928
-2824.976576
-2824.976997
-2824.977662
-2824.978712
-2824.980412
-2824.982285
-2824.983507
-2824.983417
-2824.982273
-2824.981189
-2824.980949
-2824.981828
-2824.983234
-2824.9846
-2824.985356
-2824.985328
-2824.984718
-2824.983992
-2824.983415
-2824.983019
-2824.982816
-2824.982728
-2824.982678
-2824.982644
-2824.982645
-2824.982745
-2824.982815
-2824.982954
-2824.983354
-2824.984217
-2824.985355
-2824.986379
-2824.986421
-2824.985494
-2824.984171
-2824.983224
-2824.982896
-2824.982989
-2824.983025
-2824.982829
-2824.982316
-2824.98169
-2824.981218
-2824.981056
-2824.981113
-2824.981139
-2824.980982
-2824.98105
-2824.981762
-2824.983175
-2824.98467
-2824.985459
-2824.985086
-2824.98361
-2824.981638
-2824.979913
-2824.978819
-2824.978624
-2824.979686
-2824.981215
-2824.981962
-2824.981578
-2824.980502
-2824.979221
-2824.978747
-2824.978756
-2824.978747
-2824.979084
-2824.980349
-2824.982025
-2824.965951
-2824.971914
-2824.976333
-2824.979121
-2824.980763
-2824.981675
-2824.982441
-2824.983245
-2824.984204
-2824.98523
-2824.986175
-2824.986811
-2824.986985
-2824.986713
-2824.986195
-2824.985482
-2824.984624
-2824.983712
-2824.98287
-2824.982344
-2824.982133
-2824.982072
-2824.981897
-2824.98125
-2824.979813
-2824.977324
-2824.973497
-2824.96787
-2824.960904
-2824.955782
-2824.956416
-2824.9617
-2824.967892
-2824.972929
-2824.976746
-2824.979605
-2824.981467
-2824.982322
-2824.982546
-2824.98279
-2824.983355
-2824.984123
-2824.984763
-2824.985018
-2824.984705
-2824.983967
-2824.983041
-2824.982153
-2824.981392
-2824.980762
-2824.980272
-2824.97985
-2824.979382
-2824.978825
-2824.978192
-2824.977598
-2824.976059
-2824.975125
-2824.97503
-2824.975758
-2824.976963
-2824.978243
-2824.979349
-2824.979866
-2824.979935
-2824.979647
-2824.979421
-2824.979296
-2824.97942
-2824.979973
-2824.980861
-2824.981914
-2824.983056
-2824.98366
-2824.983411
-2824.982391
-2824.980787
-2824.979287
-2824.978555
-2824.979027
-2824.98079
-2824.983084
-2824.984832
-2824.984128
-2824.982484
-2824.980721
-2824.979432
-2824.978793
-2824.978753
-2824.979138
-2824.979578
-2824.979991
-2824.980403
-2824.98065
-2824.980603
-2824.980535
-2824.980459
-2824.980319
-2824.980416
-2824.980899
-2824.96282
-2824.965524
-2824.968371
-2824.975756
-2824.98064
-2824.983794
-2824.98506
-2824.984737
-2824.98357
-2824.982277
-2824.981477
-2824.981478
-2824.982564
-2824.984108
-2824.985501
-2824.986522
-2824.987131
-2824.987068
-2824.986304
-2824.985059
-2824.983934
-2824.983081
-2824.98288
-2824.983273
-2824.983953
-2824.984973
-2824.98581
-2824.986217
-2824.985968
-2824.985004
-2824.983745
-2824.982462
-2824.981682
-2824.981976
-2824.98325
-2824.984557
-2824.984983
-2824.983812
-2824.981151
-2824.977544
-2824.974181
-2824.971417
-2824.969092
-2824.96787
-2824.968381
-2824.970356
-2824.973529
-2824.976363
-2824.977889
-2824.978072
-2824.977852
-2824.977703
-2824.977904
-2824.978679
-2824.980099
-2824.981846
-2824.983266
-2824.984228
-2824.984523
-2824.984257
-2824.983651
-2824.982767
-2824.981851
-2824.981155
-2824.981007
-2824.981169
-2824.981346
-2824.981602
-2824.98169
-2824.981652
-2824.981704
-2824.981728
-2824.981708
-2824.981678
-2824.98181
-2824.982306
-2824.983016
-2824.983605
-2824.983843
-2824.983628
-2824.982977
-2824.982076
-2824.981058
-2824.980201
-2824.979814
-2824.980071
-2824.9803
-2824.980153
-2824.979599
-2824.978819
-2824.97798
-2824.977179
-2824.976646
-2824.976396
-2824.976218
-2824.975945
-2824.975693
-2824.975608
-2824.975543
-2824.975638
-2824.982131
-2824.982521
-2824.982913
-2824.983313
-2824.983555
-2824.983715
-2824.983478
-2824.982781
-2824.981955
-2824.981364
-2824.98129
-2824.981786
-2824.9827
-2824.983537
-2824.983824
-2824.983582
-2824.983125
-2824.982756
-2824.982627
-2824.982818
-2824.983362
-2824.984189
-2824.984985
-2824.985438
-2824.985671
-2824.98561
-2824.985347
-2824.9849
-2824.984507
-2824.984325
-2824.984135
-2824.983532
-2824.982422
-2824.980938
-2824.979287
-2824.97773
-2824.976341
-2824.975014
-2824.97378
-2824.972795
-2824.972093
-2824.971562
-2824.970785
-2824.969973
-2824.970426
-2824.972501
-2824.974879
-2824.976367
-2824.977058
-2824.977509
-2824.978169
-2824.979244
-2824.980714
-2824.982262
-2824.983408
-2824.9839
-2824.983882
-2824.983569
-2824.983123
-2824.982692
-2824.982425
-2824.982219
-2824.981944
-2824.981605
-2824.981369
-2824.98149
-2824.982001
-2824.982812
-2824.983763
-2824.984673
-2824.985339
-2824.985715
-2824.985887
-2824.985854
-2824.985512
-2824.984918
-2824.984306
-2824.984012
-2824.984017
-2824.984595
-2824.985748
-2824.986914
-2824.987231
-2824.986164
-2824.98367
-2824.979895
-2824.976125
-2824.973351
-2824.971796
-2824.971598
-2824.973069
-2824.975728
-2824.978283
-2824.979757
-2824.980069
-2824.979773
-2824.97943
-2824.979457
-2824.979838
-2824.980475
-2824.983427
-2824.982508
-2824.982165
-2824.982426
-2824.982981
-2824.983437
-2824.983497
-2824.983563
-2824.983766
-2824.984017
-2824.984242
-2824.984543
-2824.984897
-2824.984856
-2824.983893
-2824.981783
-2824.978636
-2824.97468
-2824.970362
-2824.96646
-2824.963711
-2824.962241
-2824.962127
-2824.963489
-2824.966098
-2824.969148
-2824.971871
-2824.974007
-2824.975665
-2824.977068
-2824.978499
-2824.979951
-2824.98125
-2824.982181
-2824.982652
-2824.982612
-2824.982188
-2824.98171
-2824.981406
-2824.981276
-2824.981183
-2824.981013
-2824.980661
-2824.98009
-2824.979282
-2824.97833
-2824.97739
-2824.976781
-2824.976404
-2824.976615
-2824.97771
-2824.979405
-2824.980794
-2824.980929
-2824.979526
-2824.977153
-2824.974903
-2824.973717
-2824.97371
-2824.974677
-2824.976741
-2824.979575
-2824.982307
-2824.983761
-2824.983554
-2824.982201
-2824.980381
-2824.979061
-2824.978696
-2824.979197
-2824.980166
-2824.981055
-2824.981407
-2824.981132
-2824.98048
-2824.979792
-2824.979263
-2824.978966
-2824.97897
-2824.979209
-2824.9795
-2824.979725
-2824.979925
-2824.980166
-2824.979644
-2824.979305
-2824.979314
-2824.979843
-2824.98073
-2824.981727
-2824.982513
-2824.982916
-2824.982896
-2824.982497
-2824.981938
-2824.981459
-2824.981154
-2824.980979
-2824.980909
-2824.980703
-2824.975558
-2824.975563
-2824.975942
-2824.976443
-2824.976998
-2824.977294
-2824.977259
-2824.977013
-2824.976676
-2824.976364
-2824.976137
-2824.975886
-2824.975859
-2824.976011
-2824.976338
-2824.976624
-2824.976817
-2824.976792
-2824.976595
-2824.976232
-2824.975839
-2824.975605
-2824.975649
-2824.976033
-2824.976658
-2824.977538
-2824.978352
-2824.978935
-2824.978742
-2824.978136
-2824.977219
-2824.976652
-2824.976418
-2824.976444
-2824.976598
-2824.976776
-2824.976895
-2824.97683
-2824.976715
-2824.976506
-2824.976361
-2824.976166
-2824.976115
-2824.976105
-2824.976161
-2824.976109
-2824.976092
-2824.975929
-2824.975816
-2824.975835
-2824.976075
-2824.976401
-2824.976651
-2824.976787
-2824.976839
-2824.976826
-2824.976761
-2824.97664
-2824.976608
-2824.976623
-2824.976787
-2824.976985
-2824.977309
-2824.977552
-2824.977675
-2824.97761
-2824.977391
-2824.977087
-2824.976771
-2824.976487
-2824.976422
-2824.976579
-2824.976829
-2824.977108
-2824.977392
-2824.977629
-2824.977679
-2824.977579
-2824.977223
-2824.976861
-2824.976755
-2824.977016
-2824.977549
-2824.978214
-2824.978746
-2824.979079
-2824.978761
-2824.978209
-2824.977499
-2824.976956
-2824.976837
-2824.977154
-2824.977785
-2824.978432
-2824.978847
-2824.978923
-2824.978549
-2824.977807
-2824.976939
-2824.976533
-2824.976616
-2824.976541
-2824.976992
-2824.97782
-2824.978912
-2824.979859
-2824.980225
-2824.979696
-2824.978351
-2824.976879
-2824.975929
-2824.975727
-2824.976043
-2824.976562
-2824.977146
-2824.977369
-2824.977269
-2824.977129
-2824.976786
-2824.976511
-2824.976249
-2824.976064
-2824.976076
-2824.976461
-2824.977326
-2824.97806
-2824.978411
-2824.978103
-2824.977148
-2824.976269
-2824.975787
-2824.975941
-2824.976882
-2824.978731
-2824.980764
-2824.98199
-2824.981795
-2824.980364
-2824.978566
-2824.977319
-2824.976982
-2824.97718
-2824.977697
-2824.978395
-2824.978966
-2824.97902
-2824.978676
-2824.97839
-2824.978841
-2824.979879
-2824.980709
-2824.980656
-2824.979602
-2824.978156
-2824.97695
-2824.9764
-2824.976577
-2824.977556
-2824.97919
-2824.980718
-2824.981267
-2824.98048
-2824.978772
-2824.977105
-2824.976194
-2824.976036
-2824.976277
-2824.976716
-2824.977376
-2824.978058
-2824.978572
-2824.978916
-2824.979173
-2824.979473
-2824.979835
-2824.980135
-2824.980416
-2824.980874
-2824.981669
-2824.982588
-2824.983477
-2824.984127
-2824.984521
-2824.984604
-2824.984397
-2824.984114
-2824.984024
-2824.9842
-2824.984436
-2824.984542
-2824.984688
-2824.984997
-2824.985263
-2824.985052
-2824.984104
-2824.982474
-2824.980352
-2824.977968
-2824.975107
-2824.971955
-2824.978645
-2824.97914
-2824.979627
-2824.979974
-2824.979961
-2824.979442
-2824.978863
-2824.978284
-2824.97803
-2824.978125
-2824.978431
-2824.978842
-2824.979129
-2824.979292
-2824.979353
-2824.979037
-2824.978648
-2824.978232
-2824.977975
-2824.977958
-2824.978219
-2824.978625
-2824.979023
-2824.979218
-2824.979092
-2824.978714
-2824.978236
-2824.977892
-2824.977768
-2824.977862
-2824.978115
-2824.978412
-2824.978643
-2824.978867
-2824.978958
-2824.978864
-2824.978856
-2824.978747
-2824.978722
-2824.978908
-2824.979181
-2824.979342
-2824.979258
-2824.978975
-2824.978555
-2824.978164
-2824.977746
-2824.977539
-2824.977422
-2824.977469
-2824.97769
-2824.977957
-2824.978194
-2824.97841
-2824.978707
-2824.978966
-2824.979186
-2824.979254
-2824.979129
-2824.978996
-2824.9789
-2824.978949
-2824.97906
-2824.979358
-2824.97984
-2824.980209
-2824.980299
-2824.980059
-2824.979566
-2824.979111
-2824.97881
-2824.978597
-2824.978442
-2824.978611
-2824.9792
-2824.979974
-2824.980438
-2824.98014
-2824.979167
-2824.978336
-2824.978236
-2824.978823
-2824.979858
-2824.981267
-2824.982874
-2824.983956
-2824.984368
-2824.983902
-2824.982657
-2824.981177
-2824.980115
-2824.979261
-2824.978771
-2824.978826
-2824.979756
-2824.9812
-2824.982164
-2824.981481
-2824.979473
-2824.977683
-2824.978221
-2824.978621
-2824.979043
-2824.979322
-2824.979293
-2824.978886
-2824.978288
-2824.977748
-2824.977548
-2824.977589
-2824.977854
-2824.978167
-2824.978423
-2824.978628
-2824.97863
-2824.978383
-2824.978117
-2824.977859
-2824.977699
-2824.977699
-2824.977891
-2824.978178
-2824.978422
-2824.978433
-2824.978224
-2824.977775
-2824.977359
-2824.977083
-2824.976976
-2824.97702
-2824.977188
-2824.977379
-2824.977512
-2824.977666
-2824.977705
-2824.977611
-2824.977596
-2824.977543
-2824.97755
-2824.977684
-2824.977864
-2824.977941
-2824.97783
-2824.977576
-2824.977283
-2824.977034
-2824.976751
-2824.976636
-2824.97656
-2824.976621
-2824.976812
-2824.977
-2824.977159
-2824.977333
-2824.977546
-2824.97776
-2824.977993
-2824.978096
-2824.978061
-2824.977985
-2824.977994
-2824.978192
-2824.978353
-2824.978646
-2824.978966
-2824.97923
-2824.97928
-2824.979076
-2824.978719
-2824.978522
-2824.978405
-2824.978342
-2824.978402
-2824.978679
-2824.979188
-2824.979704
-2824.979845
-2824.979416
-2824.978734
-2824.978426
-2824.978634
-2824.979218
-2824.980031
-2824.981004
-2824.981725
-2824.98193
-2824.98169
-2824.98101
-2824.980081
-2824.979459
-2824.979125
-2824.979088
-2824.979392
-2824.980192
-2824.981314
-2824.982023
-2824.981618
-2824.980036
-2824.978435
-2824.977792
-2824.978842
-2824.978962
-2824.979266
-2824.979626
-2824.979923
-2824.97999
-2824.979648
-2824.979031
-2824.97835
-2824.977982
-2824.978015
-2824.978331
-2824.978755
-2824.979399
-2824.979827
-2824.979834
-2824.979526
-2824.979136
-2824.978739
-2824.978605
-2824.978845
-2824.979482
-2824.98033
-2824.981068
-2824.981456
-2824.981181
-2824.980473
-2824.979728
-2824.979391
-2824.979669
-2824.980435
-2824.981332
-2824.982144
-2824.982404
-2824.981939
-2824.98085
-2824.979646
-2824.978586
-2824.977964
-2824.977888
-2824.978271
-2824.978745
-2824.978837
-2824.978506
-2824.97796
-2824.977482
-2824.977149
-2824.977012
-2824.976993
-2824.97713
-2824.977386
-2824.977637
-2824.977863
-2824.978101
-2824.978321
-2824.978429
-2824.978526
-2824.978645
-2824.978777
-2824.978881
-2824.978776
-2824.978654
-2824.97862
-2824.978831
-2824.979429
-2824.980196
-2824.980741
-2824.980757
-2824.980156
-2824.979066
-2824.978127
-2824.977628
-2824.977875
-2824.979218
-2824.981572
-2824.984252
-2824.986355
-2824.987053
-2824.986204
-2824.984044
-2824.981633
-2824.979872
-2824.979193
-2824.979471
-2824.980265
-2824.980942
-2824.981446
-2824.98156
-2824.981329
-2824.980924
-2824.98054
-2824.980068
-2824.979683
-2824.979593
-2824.979744
-2824.98012
-2824.98076
-2824.981219
-2824.981466
-2824.981304
-2824.976905
-2824.976945
-2824.976974
-2824.976988
-2824.977028
-2824.976949
-2824.976775
-2824.976831
-2824.976826
-2824.976869
-2824.977067
-2824.977412
-2824.977887
-2824.97853
-2824.979178
-2824.979499
-2824.979104
-2824.978095
-2824.976935
-2824.976276
-2824.97625
-2824.976703
-2824.977717
-2824.979016
-2824.979833
-2824.979822
-2824.979173
-2824.978126
-2824.977163
-2824.976759
-2824.976871
-2824.977274
-2824.977929
-2824.978814
-2824.979319
-2824.979472
-2824.979034
-2824.97831
-2824.977774
-2824.977625
-2824.977921
-2824.978344
-2824.978674
-2824.978717
-2824.978549
-2824.978285
-2824.978065
-2824.978062
-2824.978372
-2824.978984
-2824.979474
-2824.979417
-2824.979046
-2824.978173
-2824.977407
-2824.976906
-2824.976738
-2824.977109
-2824.97816
-2824.97946
-2824.980126
-2824.979628
-2824.978528
-2824.977581
-2824.977136
-2824.97716
-2824.97738
-2824.977729
-2824.978036
-2824.978123
-2824.977992
-2824.97789
-2824.977722
-2824.977707
-2824.977664
-2824.977572
-2824.977495
-2824.977505
-2824.977703
-2824.978014
-2824.978341
-2824.978626
-2824.978777
-2824.978826
-2824.978811
-2824.978773
-2824.978703
-2824.978619
-2824.978591
-2824.978551
-2824.978618
-2824.978781
-2824.978908
-2824.979002
-2824.979005
-2824.978988
-2824.978909
-2824.97886
-2824.978773
-2824.978916
-2824.95991
-2824.967994
-2824.974104
-2824.97745
-2824.97852
-2824.97836
-2824.977983
-2824.978314
-2824.979493
-2824.981321
-2824.983385
-2824.985186
-2824.986745
-2824.987813
-2824.988124
-2824.987571
-2824.986792
-2824.986029
-2824.985122
-2824.983928
-2824.982819
-2824.982466
-2824.983564
-2824.986011
-2824.988669
-2824.99024
-2824.989969
-2824.987603
-2824.983234
-2824.977575
-2824.972365
-2824.969327
-2824.967699
-2824.964919
-2824.96263
-2824.96305
-2824.967656
-2824.975094
-2824.981039
-2824.982558
-2824.980912
-2824.978868
-2824.977894
-2824.977688
-2824.977701
-2824.977596
-2824.977265
-2824.97693
-2824.976743
-2824.976195
-2824.962629
-2824.963572
-2824.965311
-2824.968291
-2824.972223
-2824.975826
-2824.977841
-2824.977792
-2824.975944
-2824.973556
-2824.9727
-2824.97439
-2824.977255
-2824.980042
-2824.982315
-2824.983698
-2824.984177
-2824.983851
-2824.983002
-2824.98217
-2824.98167
-2824.981843
-2824.98271
-2824.983997
-2824.985447
-2824.98693
-2824.988023
-2824.988475
-2824.988093
-2824.986995
-2824.985765
-2824.985187
-2824.985407
-2824.985717
-2824.985598
-2824.985276
-2824.984956
-2824.984469
-2824.983696
-2824.982733
-2824.981735
-2824.980948
-2824.98061
-2824.980575
-2824.980779
-2824.981168
-2824.98155
-2824.981694
-2824.981562
-2824.981205
-2824.983307
-2824.984389
-2824.985424
-2824.986064
-2824.98632
-2824.98587
-2824.984728
-2824.983012
-2824.981262
-2824.979892
-2824.979331
-2824.979617
-2824.980745
-2824.982489
-2824.984343
-2824.985283
-2824.985005
-2824.983498
-2824.981475
-2824.979526
-2824.978289
-2824.978028
-2824.978798
-2824.980275
-2824.981282
-2824.980939
-2824.978729
-2824.974805
-2824.970515
-2824.967215
-2824.965803
-2824.966478
-2824.968996
-2824.972713
-2824.976653
-2824.979853
-2824.981572
-2824.981924
-2824.981848
-2824.981732
-2824.982019
-2824.982847
-2824.983874
-2824.984725
-2824.985333
-2824.985614
-2824.98549
-2824.985109
-2824.984683
-2824.984377
-2824.983313
-2824.984388
-2824.985427
-2824.986067
-2824.98632
-2824.985861
-2824.984732
-2824.983012
-2824.981265
-2824.979902
-2824.979323
-2824.979615
-2824.980742
-2824.982485
-2824.984339
-2824.985284
-2824.985004
-2824.983504
-2824.98147
-2824.979531
-2824.978291
-2824.978032
-2824.978798
-2824.980278
-2824.981287
-2824.980944
-2824.97873
-2824.97481
-2824.970518
-2824.967209
-2824.965804
-2824.966478
-2824.968998
-2824.972714
-2824.976655
-2824.979857
-2824.981579
-2824.981933
-2824.981851
-2824.981729
-2824.982019
-2824.982845
-2824.983874
-2824.984724
-2824.985331
-2824.985621
-2824.985493
-2824.985106
-2824.984682
-2824.984377
-2824.961634
-2824.961331
-2824.96228
-2824.964258
-2824.966771
-2824.969253
-2824.971403
-2824.973424
-2824.975509
-2824.977645
-2824.979717
-2824.981553
-2824.983181
-2824.984223
-2824.984669
-2824.984709
-2824.984522
-2824.984183
-2824.983274
-2824.981921
-2824.981009
-2824.981144
-2824.982428
-2824.984259
-2824.98532
-2824.984471
-2824.981647
-2824.977672
-2824.973787
-2824.971186
-2824.970121
-2824.970745
-2824.973419
-2824.97762
-2824.982096
-2824.985549
-2824.986862
-2824.985902
-2824.983609
-2824.981298
-2824.980178
-2824.980383
-2824.981534
-2824.983014
-2824.984119
-2824.984464
-2824.984058
-2824.983216
-2824.982219
-2824.981272
-2824.955839
-2824.958121
-2824.961155
-2824.964556
-2824.967793
-2824.970724
-2824.972787
-2824.974003
-2824.974397
-2824.97456
-2824.974541
-2824.974617
-2824.975036
-2824.975979
-2824.977399
-2824.978907
-2824.980124
-2824.980714
-2824.980729
-2824.980409
-2824.980242
-2824.980519
-2824.981287
-2824.982448
-2824.98363
-2824.98448
-2824.985091
-2824.985692
-2824.986135
-2824.985989
-2824.984886
-2824.982716
-2824.979688
-2824.976449
-2824.973552
-2824.971051
-2824.969362
-2824.96936
-2824.971943
-2824.976164
-2824.979634
-2824.981004
-2824.981002
-2824.980759
-2824.980921
-2824.981354
-2824.981642
-2824.98166
-2824.98152
-2824.981309
-2824.955844
-2824.958119
-2824.961151
-2824.964553
-2824.96779
-2824.970729
-2824.972785
-2824.974005
-2824.974395
-2824.974556
-2824.974535
-2824.974618
-2824.975036
-2824.97598
-2824.977393
-2824.978911
-2824.980118
-2824.980726
-2824.980725
-2824.980412
-2824.980244
-2824.980521
-2824.981293
-2824.982443
-2824.983631
-2824.984483
-2824.985088
-2824.985694
-2824.986134
-2824.985989
-2824.984884
-2824.982711
-2824.97969
-2824.976454
-2824.973539
-2824.971053
-2824.969356
-2824.969362
-2824.971944
-2824.976166
-2824.97964
-2824.981003
-2824.981
-2824.980759
-2824.980917
-2824.98136
-2824.98165
-2824.981662
-2824.981515
-2824.98131
-2824.980257
-2824.981629
-2824.983506
-2824.985857
-2824.988305
-2824.989554
-2824.988978
-2824.986357
-2824.982572
-2824.979447
-2824.978324
-2824.978926
-2824.98044
-2824.98266
-2824.985617
-2824.988233
-2824.989551
-2824.98919
-2824.986989
-2824.984076
-2824.981817
-2824.980841
-2824.981065
-2824.982351
-2824.984115
-2824.985186
-2824.984442
-2824.981572
-2824.977272
-2824.972686
-2824.969179
-2824.967356
-2824.966166
-2824.965161
-2824.965257
-2824.966735
-2824.969124
-2824.97135
-2824.972221
-2824.972143
-2824.973074
-2824.975411
-2824.978115
-2824.980319
-2824.981389
-2824.98152
-2824.981502
-2824.981971
-2824.982787
-2824.983694
-2824.982266
-2824.982461
-2824.982941
-2824.983216
-2824.983033
-2824.98234
-2824.98137
-2824.980507
-2824.979654
-2824.978983
-2824.978771
-2824.978907
-2824.979346
-2824.980126
-2824.980766
-2824.980309
-2824.977937
-2824.973712
-2824.969336
-2824.967266
-2824.967548
-2824.968135
-2824.969135
-2824.971573
-2824.974728
-2824.977537
-2824.979053
-2824.97922
-2824.97819
-2824.976928
-2824.976576
-2824.976997
-2824.977662
-2824.978712
-2824.980412
-2824.982285
-2824.983507
-2824.983417
-2824.982273
-2824.981189
-2824.980949
-2824.981828
-2824.983234
-2824.9846
-2824.985356
-2824.985328
-2824.984718
-2824.983992
-2824.983415
-2824.983019
-2824.974209
-2824.974439
-2824.974477
-2824.97445
-2824.974247
-2824.974199
-2824.974171
-2824.974221
-2824.974258
-2824.974252
-2824.974257
-2824.974393
-2824.974447
-2824.974294
-2824.974244
-2824.974239
-2824.974236
-2824.974316
-2824.974505
-2824.974795
-2824.975211
-2824.975397
-2824.975356
-2824.975026
-2824.974766
-2824.974547
-2824.974544
-2824.974712
-2824.974995
-2824.975324
-2824.975702
-2824.975825
-2824.975715
-2824.975619
-2824.975506
-2824.975449
-2824.975454
-2824.9756
-2824.975847
-2824.976157
-2824.976365
-2824.976489
-2824.976535
-2824.976579
-2824.976594
-2824.9766
-2824.976583
-2824.976506
-2824.976237
-2824.976002
-2824.976192
-2824.976785
-2824.977847
-2824.979453
-2824.981049
-2824.982107
-2824.982343
-2824.98147
-2824.979763
-2824.977912
-2824.976551
-2824.97585
-2824.976047
-2824.97733
-2824.980383
-2824.98501
-2824.989537
-2824.992642
-2824.993634
-2824.992447
-2824.988916
-2824.983684
-2824.978656
-2824.975812
-2824.975073
-2824.975522
-2824.977377
-2824.980865
-2824.984758
-2824.987867
-2824.989345
-2824.988958
-2824.986882
-2824.983571
-2824.979889
-2824.977017
-2824.975704
-2824.97556
-2824.975975
-2824.977231
-2824.979299
-2824.981394
-2824.983172
-2824.983778
-2824.983048
-2824.981435
-2824.979472
-2824.977844
-2824.97721
-2824.977482
-2824.974771
-2824.975063
-2824.97514
-2824.975099
-2824.974901
-2824.974812
-2824.974785
-2824.974857
-2824.974989
-2824.975105
-2824.975217
-2824.975287
-2824.975442
-2824.975358
-2824.975355
-2824.97533
-2824.975308
-2824.975298
-2824.975439
-2824.975453
-2824.975428
-2824.97539
-2824.975332
-2824.975274
-2824.975191
-2824.97508
-2824.97498
-2824.974921
-2824.974871
-2824.974787
-2824.974766
-2824.974878
-2824.975113
-2824.975399
-2824.975552
-2824.975462
-2824.975146
-2824.974739
-2824.974417
-2824.974234
-2824.974332
-2824.975034
-2824.976462
-2824.978353
-2824.979693
-2824.979798
-2824.978706
-2824.977064
-2824.975714
-2824.97493
-2824.974715
-2824.97509
-2824.975711
-2824.976546
-2824.977215
-2824.977567
-2824.977318
-2824.976752
-2824.976018
-2824.975513
-2824.975166
-2824.975053
-2824.975201
-2824.975497
-2824.975767
-2824.976035
-2824.976107
-2824.97583
-2824.975526
-2824.975164
-2824.97488
-2824.974822
-2824.974882
-2824.975096
-2824.975295
-2824.975485
-2824.975422
-2824.975128
-2824.9749
-2824.974708
-2824.974636
-2824.974687
-2824.974764
-2824.974885
-2824.975036
-2824.975166
-2824.975248
-2824.975266
-2824.975208
-2824.975164
-2824.975126
-2824.975217
-2824.975312
-2824.975333
-2824.975336
-2824.975337
-2824.975381
-2824.975346
-2824.975293
-2824.975216
-2824.962629
-2824.963572
-2824.965311
-2824.968291
-2824.972223
-2824.975826
-2824.977841
-2824.977792
-2824.975944
-2824.973556
-2824.9727
-2824.97439
-2824.977255
-2824.980042
-2824.982315
-2824.983698
-2824.984177
-2824.983851
-2824.983002
-2824.98217
-2824.98167
-2824.981843
-2824.98271
-2824.983997
-2824.985447
-2824.98693
-2824.988023
-2824.988475
-2824.988093
-2824.986995
-2824.985765
-2824.985187
-2824.985407
-2824.985717
-2824.985598
-2824.985276
-2824.984956
-2824.984469
-2824.983696
-2824.982733
-2824.981735
-2824.980948
-2824.98061
-2824.980575
-2824.980779
-2824.981168
-2824.98155
-2824.981694
-2824.981562
-2824.981205
-2824.980955
-2824.980702
-2824.980276
-2824.979825
-2824.979416
-2824.978887
-2824.978649
-2824.978842
-2824.979393
-2824.979985
-2824.98031
-2824.979902
-2824.978769
-2824.977668
-2824.976727
-2824.976322
-2824.977414
-2824.979699
-2824.982024
-2824.98345
-2824.983275
-2824.981604
-2824.978966
-2824.976697
-2824.975391
-2824.974984
-2824.975992
-2824.97907
-2824.982263
-2824.983107
-2824.98129
-2824.978274
-2824.975522
-2824.973806
-2824.973551
-2824.974443
-2824.976321
-2824.979432
-2824.98301
-2824.986003
-2824.987415
-2824.987292
-2824.985664
-2824.983266
-2824.981262
-2824.980066
-2824.980114
-2824.981432
-2824.983419
-2824.985187
-2824.97536
-2824.97531
-2824.975273
-2824.97515
-2824.975098
-2824.974938
-2824.974776
-2824.974508
-2824.974391
-2824.974273
-2824.974232
-2824.974231
-2824.974284
-2824.974381
-2824.974599
-2824.974673
-2824.974559
-2824.974518
-2824.974432
-2824.974406
-2824.974462
-2824.974673
-2824.974995
-2824.975422
-2824.975661
-2824.975661
-2824.975379
-2824.975055
-2824.974749
-2824.974624
-2824.974694
-2824.974887
-2824.975104
-2824.97524
-2824.975362
-2824.975157
-2824.975035
-2824.974888
-2824.974738
-2824.974636
-2824.974561
-2824.9745
-2824.974406
-2824.974388
-2824.974369
-2824.974365
-2824.974386
-2824.974404
-2824.974477
-2824.974566
-2824.974714
-2824.974879
-2824.975015
-2824.975184
-2824.975279
-2824.975319
-2824.97529
-2824.975204
-2824.975059
-2824.974941
-2824.975001
-2824.975264
-2824.975849
-2824.976644
-2824.977316
-2824.977497
-2824.977068
-2824.976187
-2824.97523
-2824.974622
-2824.974346
-2824.974415
-2824.97482
-2824.97554
-2824.976184
-2824.976355
-2824.975894
-2824.975107
-2824.974438
-2824.97413
-2824.974067
-2824.974149
-2824.974395
-2824.974683
-2824.97492
-2824.975004
-2824.974939
-2824.974889
-2824.974835
-2824.974862
-2824.974977
-2824.975241
-2824.975499
-2824.975677
-2824.97583
-2824.97592
-2824.976016
-2824.976026
-2824.975992
-2824.97594
-2824.976191
-2824.976154
-2824.976122
-2824.976027
-2824.975981
-2824.975799
-2824.975589
-2824.975263
-2824.975076
-2824.974906
-2824.97484
-2824.974851
-2824.974944
-2824.975099
-2824.97537
-2824.975467
-2824.975329
-2824.975234
-2824.975108
-2824.975046
-2824.975121
-2824.975408
-2824.975836
-2824.976415
-2824.976748
-2824.976757
-2824.976374
-2824.975921
-2824.97546
-2824.975249
-2824.97531
-2824.975578
-2824.975905
-2824.976118
-2824.976275
-2824.976082
-2824.97593
-2824.975755
-2824.975562
-2824.975431
-2824.975347
-2824.97529
-2824.975176
-2824.975159
-2824.975138
-2824.975108
-2824.97507
-2824.975035
-2824.975027
-2824.975062
-2824.975175
-2824.975293
-2824.975362
-2824.975543
-2824.975661
-2824.975745
-2824.975799
-2824.975809
-2824.975799
-2824.975742
-2824.975674
-2824.975517
-2824.975456
-2824.975648
-2824.976172
-2824.97691
-2824.977512
-2824.977618
-2824.977022
-2824.976181
-2824.975476
-2824.975163
-2824.975155
-2824.975315
-2824.975526
-2824.97564
-2824.975644
-2824.975555
-2824.975414
-2824.975262
-2824.97516
-2824.975073
-2824.975013
-2824.974942
-2824.974845
-2824.974809
-2824.974796
-2824.974818
-2824.97485
-2824.974935
-2824.975043
-2824.975153
-2824.975271
-2824.975286
-2824.975428
-2824.975557
-2824.975852
-2824.975966
-2824.97589
-2824.975904
-2824.97474
-2824.974689
-2824.974667
-2824.974583
-2824.974445
-2824.974454
-2824.974425
-2824.974366
-2824.9743
-2824.974272
-2824.974178
-2824.974245
-2824.974328
-2824.974277
-2824.974151
-2824.974142
-2824.974008
-2824.973963
-2824.97405
-2824.974326
-2824.974675
-2824.974925
-2824.974955
-2824.974794
-2824.974561
-2824.974348
-2824.974261
-2824.974365
-2824.974617
-2824.974971
-2824.975346
-2824.975493
-2824.975507
-2824.975352
-2824.974989
-2824.974683
-2824.974427
-2824.974286
-2824.974386
-2824.974716
-2824.975119
-2824.97547
-2824.975544
-2824.975273
-2824.974684
-2824.974094
-2824.973799
-2824.973758
-2824.973873
-2824.974032
-2824.974228
-2824.974203
-2824.974057
-2824.973991
-2824.973936
-2824.973941
-2824.973973
-2824.974039
-2824.974107
-2824.974091
-2824.974202
-2824.974249
-2824.974244
-2824.974328
-2824.974395
-2824.974413
-2824.974419
-2824.974347
-2824.974264
-2824.974178
-2824.974136
-2824.974276
-2824.974437
-2824.974556
-2824.974706
-2824.974882
-2824.974987
-2824.975028
-2824.975023
-2824.975037
-2824.974994
-2824.974898
-2824.974918
-2824.974905
-2824.97495
-2824.975061
-2824.975197
-2824.975283
-2824.975331
-2824.975354
-2824.975383
-2824.975476
-2824.975482
-2824.975389
-2824.975235
-2824.975382
-2824.975896
-2824.976597
-2824.97729
-2824.977571
-2824.975451
-2824.9754
-2824.975335
-2824.975247
-2824.975091
-2824.975074
-2824.975021
-2824.974943
-2824.974873
-2824.974847
-2824.974787
-2824.974872
-2824.974954
-2824.974921
-2824.97482
-2824.974681
-2824.974495
-2824.974418
-2824.974546
-2824.974931
-2824.975412
-2824.97575
-2824.975789
-2824.975566
-2824.975241
-2824.974957
-2824.974836
-2824.974952
-2824.975286
-2824.975741
-2824.976225
-2824.976493
-2824.9765
-2824.976274
-2824.975816
-2824.975403
-2824.975058
-2824.974882
-2824.975011
-2824.975451
-2824.976008
-2824.976528
-2824.976736
-2824.976376
-2824.975596
-2824.974781
-2824.974328
-2824.974244
-2824.974405
-2824.974651
-2824.974939
-2824.974964
-2824.974787
-2824.974684
-2824.974589
-2824.974533
-2824.974543
-2824.974637
-2824.974748
-2824.974785
-2824.974925
-2824.974983
-2824.974982
-2824.975079
-2824.975151
-2824.975151
-2824.975132
-2824.975081
-2824.975009
-2824.974916
-2824.974859
-2824.974839
-2824.974829
-2824.974761
-2824.974668
-2824.974591
-2824.97456
-2824.974562
-2824.974589
-2824.974591
-2824.974728
-2824.974837
-2824.974932
-2824.974973
-2824.975004
-2824.975039
-2824.975063
-2824.975105
-2824.975188
-2824.975306
-2824.975312
-2824.975485
-2824.975594
-2824.975618
-2824.975567
-2824.975448
-2824.975392
-2824.975402
-2824.975636
-2824.97608
-2824.976782
-2824.977082
-2824.977403
-2824.977593
-2824.977557
-2824.977263
-2824.976836
-2824.976445
-2824.976207
-2824.976176
-2824.976349
-2824.976603
-2824.976791
-2824.976979
-2824.977022
-2824.976881
-2824.976766
-2824.97668
-2824.976667
-2824.976642
-2824.976734
-2824.976853
-2824.976905
-2824.976802
-2824.976544
-2824.97611
-2824.975851
-2824.975661
-2824.97558
-2824.975581
-2824.975647
-2824.975748
-2824.975792
-2824.975902
-2824.975792
-2824.975815
-2824.97583
-2824.97584
-2824.975859
-2824.97591
-2824.975997
-2824.975974
-2824.975826
-2824.975643
-2824.975475
-2824.975371
-2824.975253
-2824.975189
-2824.975133
-2824.975192
-2824.975283
-2824.975442
-2824.975531
-2824.975623
-2824.975784
-2824.975997
-2824.976178
-2824.976302
-2824.976312
-2824.976343
-2824.976408
-2824.976655
-2824.976809
-2824.977163
-2824.977256
-2824.9774
-2824.977377
-2824.977186
-2824.977012
-2824.976981
-2824.977003
-2824.977088
-2824.977252
-2824.977563
-2824.977887
-2824.978061
-2824.977964
-2824.977572
-2824.977193
-2824.977107
-2824.977347
-2824.977676
-2824.978005
-2824.978351
-2824.978408
-2824.978174
-2824.977852
-2824.977462
-2824.977163
-2824.97713
-2824.977356
-2824.977807
-2824.978437
-2824.979108
-2824.979369
-2824.979083
-2824.978311
-2824.977405
-2824.976849
-2824.976848
-2824.977501
-2824.977858
-2824.97823
-2824.978469
-2824.978428
-2824.978094
-2824.977584
-2824.977112
-2824.976857
-2824.976903
-2824.977131
-2824.977363
-2824.977597
-2824.977799
-2824.977833
-2824.977651
-2824.977497
-2824.977331
-2824.977231
-2824.977223
-2824.977355
-2824.977547
-2824.97767
-2824.977602
-2824.977352
-2824.976902
-2824.976558
-2824.976314
-2824.976237
-2824.976235
-2824.97635
-2824.976481
-2824.976559
-2824.976678
-2824.976582
-2824.976603
-2824.976603
-2824.976587
-2824.976602
-2824.976686
-2824.976814
-2824.976834
-2824.976701
-2824.976492
-2824.976275
-2824.976129
-2824.975939
-2824.97585
-2824.975781
-2824.975851
-2824.976019
-2824.976156
-2824.976266
-2824.976404
-2824.976572
-2824.976781
-2824.97699
-2824.977108
-2824.977113
-2824.977093
-2824.97717
-2824.977413
-2824.977582
-2824.977855
-2824.978109
-2824.978315
-2824.978337
-2824.978153
-2824.977893
-2824.977815
-2824.977787
-2824.97782
-2824.977953
-2824.978268
-2824.978675
-2824.978991
-2824.978973
-2824.978552
-2824.978069
-2824.97791
-2824.978172
-2824.978632
-2824.979156
-2824.979723
-2824.979991
-2824.979855
-2824.979493
-2824.978935
-2824.978475
-2824.97819
-2824.978271
-2824.97861
-2824.979243
-2824.980059
-2824.980695
-2824.980727
-2824.97991
-2824.978623
-2824.977701
-2824.977527
-2824.955836
-2824.958121
-2824.961154
-2824.964555
-2824.967793
-2824.970729
-2824.97279
-2824.974005
-2824.974399
-2824.974555
-2824.974534
-2824.974611
-2824.975034
-2824.975981
-2824.977399
-2824.97891
-2824.980122
-2824.980725
-2824.980729
-2824.980413
-2824.980247
-2824.980521
-2824.981287
-2824.98245
-2824.983631
-2824.984482
-2824.985096
-2824.985685
-2824.986134
-2824.985986
-2824.984883
-2824.982714
-2824.979692
-2824.976447
-2824.973542
-2824.971048
-2824.96936
-2824.969362
-2824.971948
-2824.97617
-2824.979638
-2824.981002
-2824.981002
-2824.980753
-2824.980931
-2824.981355
-2824.981641
-2824.98166
-2824.981513
-2824.981308
-2824.98112
-2824.980882
-2824.980626
-2824.980316
-2824.980128
-2824.980012
-2824.980072
-2824.980259
-2824.980558
-2824.980884
-2824.981072
-2824.981022
-2824.980643
-2824.979976
-2824.979216
-2824.978646
-2824.978399
-2824.978508
-2824.978933
-2824.97957
-2824.980397
-2824.980996
-2824.981129
-2824.980972
-2824.980493
-2824.979988
-2824.979814
-2824.979889
-2824.980169
-2824.980478
-2824.98045
-2824.980004
-2824.979269
-2824.978597
-2824.97821
-2824.978211
-2824.978629
-2824.979174
-2824.979632
-2824.979799
-2824.979621
-2824.979441
-2824.979307
-2824.979347
-2824.979536
-2824.97995
-2824.980201
-2824.980227
-2824.980096
-2824.979966
-2824.982268
-2824.982458
-2824.982951
-2824.983212
-2824.983039
-2824.982342
-2824.981367
-2824.980509
-2824.979647
-2824.978986
-2824.978777
-2824.978914
-2824.979348
-2824.980119
-2824.980762
-2824.980313
-2824.977932
-2824.973706
-2824.969338
-2824.967271
-2824.967547
-2824.968134
-2824.969136
-2824.97157
-2824.974726
-2824.977539
-2824.979055
-2824.979218
-2824.978183
-2824.976933
-2824.97657
-2824.976996
-2824.977661
-2824.978718
-2824.980412
-2824.98228
-2824.983507
-2824.983417
-2824.982273
-2824.98119
-2824.980946
-2824.981825
-2824.983233
-2824.984602
-2824.985351
-2824.985333
-2824.984718
-2824.98399
-2824.983412
-2824.983015
-2824.982818
-2824.982724
-2824.982678
-2824.98264
-2824.982644
-2824.982743
-2824.982814
-2824.982951
-2824.983356
-2824.984217
-2824.98536
-2824.986381
-2824.986423
-2824.985495
-2824.984176
-2824.983217
-2824.982896
-2824.982993
-2824.983026
-2824.982828
-2824.982312
-2824.98169
-2824.981214
-2824.981058
-2824.98111
-2824.981141
-2824.980982
-2824.981047
-2824.981763
-2824.983181
-2824.984672
-2824.985456
-2824.985075
-2824.983613
-2824.981643
-2824.97991
-2824.978817
-2824.978623
-2824.979682
-2824.98121
-2824.981967
-2824.981578
-2824.9805
-2824.979223
-2824.978748
-2824.978761
-2824.978741
-2824.979083
-2824.980346
-2824.982022
-2824.976054
-2824.976078
-2824.976097
-2824.976091
-2824.976141
-2824.976082
-2824.975962
-2824.976046
-2824.976077
-2824.976136
-2824.976295
-2824.976596
-2824.977009
-2824.977533
-2824.978072
-2824.978352
-2824.978087
-2824.977355
-2824.976473
-2824.97597
-2824.975968
-2824.976364
-2824.977113
-2824.978062
-2824.978545
-2824.978388
-2824.977811
-2824.977023
-2824.976373
-2824.976151
-2824.976307
-2824.976669
-2824.977189
-2824.977837
-2824.978115
-2824.978114
-2824.977699
-2824.977161
-2824.976821
-2824.976795
-2824.977078
-2824.977472
-2824.977657
-2824.977641
-2824.977474
-2824.977281
-2824.977151
-2824.977169
-2824.977434
-2824.977896
-2824.978203
-2824.978125
-2824.977763
-2824.97714
-2824.976701
-2824.976428
-2824.976368
-2824.976647
-2824.977376
-2824.978189
-2824.97838
-2824.977911
-2824.977205
-2824.976742
-2824.976535
-2824.976489
-2824.976554
-2824.976645
-2824.976693
-2824.976599
-2824.976457
-2824.976442
-2824.976332
-2824.976351
-2824.976319
-2824.976255
-2824.976194
-2824.97623
-2824.976415
-2824.976642
-2824.976873
-2824.977052
-2824.977153
-2824.977214
-2824.977254
-2824.977227
-2824.977214
-2824.977177
-2824.977173
-2824.977185
-2824.97709
-2824.977262
-2824.977375
-2824.977419
-2824.977413
-2824.97743
-2824.977416
-2824.977393
-2824.977316
-2824.97749
-2824.982135
-2824.982519
-2824.982916
-2824.98331
-2824.983565
-2824.983714
-2824.983474
-2824.982783
-2824.981958
-2824.98137
-2824.981297
-2824.981785
-2824.982703
-2824.983533
-2824.983825
-2824.983583
-2824.983124
-2824.982748
-2824.982626
-2824.982821
-2824.983362
-2824.984188
-2824.98498
-2824.985446
-2824.985663
-2824.985609
-2824.98534
-2824.9849
-2824.984513
-2824.984315
-2824.984141
-2824.983536
-2824.982423
-2824.980942
-2824.979282
-2824.977725
-2824.976344
-2824.975011
-2824.973789
-2824.9728
-2824.972097
-2824.971567
-2824.970783
-2824.969971
-2824.970426
-2824.9725
-2824.974879
-2824.976362
-2824.977061
-2824.977514
-2824.978169
-2824.979245
-2824.980711
-2824.982261
-2824.983405
-2824.983899
-2824.983885
-2824.983572
-2824.983122
-2824.982687
-2824.982422
-2824.982217
-2824.981951
-2824.981604
-2824.981371
-2824.98149
-2824.982005
-2824.982816
-2824.983762
-2824.984674
-2824.985342
-2824.985714
-2824.985882
-2824.98585
-2824.985512
-2824.984918
-2824.984307
-2824.984013
-2824.984014
-2824.984591
-2824.985757
-2824.986917
-2824.98723
-2824.986164
-2824.983671
-2824.979894
-2824.976127
-2824.973346
-2824.971793
-2824.971605
-2824.973064
-2824.975726
-2824.978287
-2824.979757
-2824.98007
-2824.979773
-2824.979429
-2824.979456
-2824.979841
-2824.980476
-2824.977465
-2824.97768
-2824.977797
-2824.977916
-2824.977808
-2824.977429
-2824.976852
-2824.97638
-2824.976333
-2824.976868
-2824.97814
-2824.980162
-2824.982362
-2824.983935
-2824.984307
-2824.983382
-2824.981604
-2824.979794
-2824.978724
-2824.978381
-2824.97851
-2824.979138
-2824.980126
-2824.98111
-2824.981541
-2824.981143
-2824.980084
-2824.979025
-2824.978587
-2824.978846
-2824.979463
-2824.980603
-2824.981674
-2824.98241
-2824.982709
-2824.982622
-2824.982391
-2824.98207
-2824.981712
-2824.981441
-2824.981242
-2824.981052
-2824.980811
-2824.980544
-2824.980248
-2824.979862
-2824.979292
-2824.978323
-2824.97685
-2824.975165
-2824.973648
-2824.972444
-2824.971348
-2824.970041
-2824.968428
-2824.966635
-2824.965024
-2824.964087
-2824.963999
-2824.964684
-2824.965927
-2824.967686
-2824.970103
-2824.973126
-2824.976184
-2824.978275
-2824.978952
-2824.978711
-2824.978247
-2824.978546
-2824.979723
-2824.981254
-2824.982499
-2824.982819
-2824.981977
-2824.9804
-2824.9787
-2824.977088
-2824.97535
-2824.973617
-2824.972498
-2824.972157
-2824.972376
-2824.972909
-2824.973807
-2824.975089
-2824.97661
-2824.978215
-2824.979717
-2824.980774
-2824.98069
-2824.979096
-2824.976333
-2824.973261
-2824.970761
-2824.969639
-2824.969661
-2824.969454
-2824.968262
-2824.966444
