30.0669318
25.1457144
21.2668542
18.9238566
17.6785626
16.7492043
15.3747687
13.3776861
10.953975
8.232777
6.3763665
5.465457
4.84281
4.3516107
4.0056957
3.7289637
3.3968853
3.1224594
3.0163788
3.7059027
5.1218481
7.1904198
9.062973
9.9577398
9.8262921
9.547254
9.6233553
10.5942234
12.775794
15.7345203
18.5963904
19.9408467
20.1622323
21.5666472
23.406915
23.0125719
19.0760592
13.4491752
9.178278
7.517886
7.6285788
7.9744938
7.8914742
7.0658904
5.9013099
5.3340093
5.5600071
6.0904101
6.9136878
8.1474513
8.59741564946939
10.6703247
10.5665502
9.6210492
8.693997
7.8799437
6.7822401
5.2694385
3.3392328
1.660392
0.5580762
-0.1245294
-0.6733812
-1.337538
-1.9740216
-2.5021185
-2.905686
-3.2100912
-3.4453134
-3.6966783
-3.9687981
-4.1140824
-3.9180639
-3.2308461
-2.2876512
-1.3260075
-0.5211786
0.1337538
0.737952
1.2153147
1.6188822
1.9924704
2.1308364
1.9163691
1.2983343
0.4035675
-0.4174041
-0.8717058
-0.9800925
-1.0285206
-1.2037842
-1.3536807
-1.4136393
-1.2591306
-0.9062973
-0.4704444
-0.2467527
-0.69183
-1.8633288
-3.1432143
22.5836373
19.278996
16.4840028
14.3485542
12.5128986
10.83867
9.6118248
8.6870787
7.7092923
6.3094896
4.9742577
4.1440617
3.7428003
3.6136587
3.8419626
4.1878776
4.2708972
4.3216314
4.3539168
4.3054887
4.2363057
4.3400802
4.4623035
4.2685911
4.1440617
4.0172262
3.5537001
3.0348276
2.7350346
2.8019115
3.2170095
3.8857785
4.5591597
4.9004625
4.9304418
5.1379908
5.5853742
6.4017336
7.8453522
9.7248237
11.6988453
13.4768484
15.0842001
16.327188
16.6177566
15.7621935
14.044149
12.0309237
10.4558574
9.5426418
8.878485
8.0090853
6.7361181
5.0688078
3.0140727
1.1392134
-0.23061
-1.1507439
-1.8079824
-2.0408985
-1.867941
-1.1968659
-0.4289346
0.2813442
0.7448703
1.0285206
1.3260075
1.5658419
1.3213953
0.8094411
0.1752636
-0.5096481
-1.2568245
-1.8264312
-2.2069377
-2.6889126
-3.1778058
-3.5006598
-3.6528624
-3.4914354
-2.8411152
-1.7457177
-0.4981176
0.8693997
1.9486545
2.5044246
2.8503396
3.2170095
3.5652306
4.081797
4.6998318
5.3432337
5.8321269
6.2518371
6.7384242
7.0220745
6.9920952
6.8006889
6.6231192
6.4132641
5.2279287
3.9457371
3.8396565
4.5038133
5.511579
6.6000582
7.8269034
9.1275438
10.3820622
11.2652985
11.3944401
11.2284009
11.0254641
10.4720001
9.6049065
8.6178957
7.7669448
7.2619089
7.0474416
7.1811954
7.7508021
8.8923216
9.9877191
10.7648748
11.3506242
12.1508409
13.4653179
15.2825247
17.29575
19.0599165
20.1276408
20.0377029
18.6240636
16.1265573
13.3131153
10.8063846
8.9453619
7.5755385
6.3509994
5.0872566
3.7912284
2.3798952
1.1876415
0.46122
0.1291416
0.0322854
0.0599586
0.0830196
0.023061
-0.069183
-0.1821819
-0.3966492
-0.6018921
-0.6549324
-0.6664629
-0.8578692
-1.1599683
-1.5773724
-2.0547351
-2.4121806
-2.2253865
-1.2637428
0.2375283
1.7203506
2.6427906
2.9633385
3.2031729
3.9134517
5.4839058
7.9721877
10.6657125
12.6166731
13.5760107
13.7143767
12.7481208
10.3659195
7.2918882
4.7551782
3.320784
2.836503
2.8618701
2.8042176
2.0708778
0.5719128
-1.0631121
-2.3383854
-2.9910117
-3.0348276
-2.5090368
-1.6949835
-0.7333398
0.2813442
1.1161524
1.637331
1.8149007
1.6165761
1.1645805
0.7587069
0.3343845
-0.1014684
5.2279287
3.9457371
3.8396565
4.5038133
5.511579
6.6000582
7.8269034
9.1275438
10.3820622
11.2652985
11.3944401
11.2284009
11.0254641
10.4720001
9.6049065
8.6178957
7.7669448
7.2619089
7.0474416
7.1811954
7.7508021
8.8923216
9.9877191
10.7648748
11.3506242
12.1508409
13.4653179
15.2825247
17.29575
19.0599165
20.1276408
20.0377029
18.6240636
16.1265573
13.3131153
10.8063846
8.9453619
7.5755385
6.3509994
5.0872566
3.7912284
2.3798952
1.1876415
0.46122
0.1291416
0.0322854
0.0599586
0.0830196
0.023061
-0.069183
-0.1821819
-0.3966492
-0.6018921
-0.6549324
-0.6664629
-0.8578692
-1.1599683
-1.5773724
-2.0547351
-2.4121806
-2.2253865
-1.2637428
0.2375283
1.7203506
2.6427906
2.9633385
3.2031729
3.9134517
5.4839058
7.9721877
10.6657125
12.6166731
13.5760107
13.7143767
12.7481208
10.3659195
7.2918882
4.7551782
3.320784
2.836503
2.8618701
2.8042176
2.0708778
0.5719128
-1.0631121
-2.3383854
-2.9910117
-3.0348276
-2.5090368
-1.6949835
-0.7333398
0.2813442
1.1161524
1.637331
1.8149007
1.6165761
1.1645805
0.7587069
0.3343845
-0.1014684
31.3030014
31.8034251
31.6512225
30.5973348
28.7893524
26.6838831
24.5645772
22.3553334
19.5119121
16.327188
13.8366
12.0009444
10.5088977
9.3235623
8.3988162
7.6216605
6.9944013
6.3071835
5.9428197
6.134226
6.4478556
6.4363251
6.1688175
5.9174526
6.0765735
7.0036257
8.6663238
10.8179151
12.9395271
14.4523287
15.3793809
15.8175399
15.0542208
12.9925674
10.5088977
8.4610809
7.3172553
6.895239
6.6162009
5.8367391
4.2409179
1.7664726
-0.7932984
-2.7350346
-3.6390258
-3.7796979
-3.3369267
-2.6635455
-1.9325118
-1.3698234
-1.0907853
-1.037745
-1.083867
-1.0861731
-1.0308267
-1.0631121
-1.3075587
-1.7088201
-2.1746523
-2.4260172
-2.3130183
-1.7318811
-0.8924607
-0.0484281
0.6595446
1.1968659
1.6119639
1.9486545
2.2207743
2.398344
2.4121806
2.2692024
1.9509606
1.6903713
1.5035772
1.3075587
1.037745
0.7287276
0.2582832
-0.3182418
-0.9501132
-1.5750663
-2.1538974
-2.5205673
-2.8111359
-2.9702568
-3.1801119
-3.4084158
-3.7428003
-4.1071641
-4.3954266
-4.519956
-4.5061194
-4.4254059
-4.3723656
-4.3908144
-4.4461608
-4.4599974
-4.2224691
-3.666699
33.9342615
31.9417911
30.1707063
28.1828481
25.8075651
23.4645675
21.5089947
20.1968238
19.0829775
18.1397826
17.7316029
18.0429264
18.5525745
18.6886344
18.3381072
17.4548709
16.2949026
15.128016
13.9426806
12.5774694
10.8294456
8.7308946
6.4847532
4.4807523
2.9471958
2.07549
1.6696164
1.5243321
1.7457177
2.6012808
3.9572676
5.5600071
7.448703
9.8216799
12.3676143
14.6598777
16.4494113
16.8483666
15.0934245
11.8602723
8.8392813
6.9598098
5.6660877
4.2339996
2.0109192
-0.3366906
-1.7918397
-2.4398538
-2.4190989
-2.2161621
-2.0178375
-1.8817776
-1.8310434
-1.8956142
-2.0316741
-2.1400608
-2.2092438
-2.2484475
-2.1077754
-1.7964519
-1.2153147
-0.3297723
0.6664629
1.406721
1.8172068
2.0109192
1.9463484
1.5981273
1.0723365
0.6387897
0.3620577
0.1522026
-0.2675076
-1.1230707
-2.0201436
-2.5205673
-2.9425836
-3.1731936
-3.2354583
-3.1086228
-2.7534834
-2.2161621
-1.6211883
-1.0884792
-0.6549324
-0.3574455
-0.2928747
-0.4819749
-0.8094411
-1.1507439
-1.4551491
-1.7618604
-2.0893266
-2.4283233
-2.7488712
-3.0025422
-3.1063167
-3.067113
-2.7119736
-2.2738146
33.9342615
31.9417911
30.1707063
28.1828481
25.8075651
23.4645675
21.5089947
20.1968238
19.0829775
18.1397826
17.7316029
18.0429264
18.5525745
18.6886344
18.3381072
17.4548709
16.2949026
15.128016
13.9426806
12.5774694
10.8294456
8.7308946
6.4847532
4.4807523
2.9471958
2.07549
1.6696164
1.5243321
1.7457177
2.6012808
3.9572676
5.5600071
7.448703
9.8216799
12.3676143
14.6598777
16.4494113
16.8483666
15.0934245
11.8602723
8.8392813
6.9598098
5.6660877
4.2339996
2.0109192
-0.3366906
-1.7918397
-2.4398538
-2.4190989
-2.2161621
-2.0178375
-1.8817776
-1.8310434
-1.8956142
-2.0316741
-2.1400608
-2.2092438
-2.2484475
-2.1077754
-1.7964519
-1.2153147
-0.3297723
0.6664629
1.406721
1.8172068
2.0109192
1.9463484
1.5981273
1.0723365
0.6387897
0.3620577
0.1522026
-0.2675076
-1.1230707
-2.0201436
-2.5205673
-2.9425836
-3.1731936
-3.2354583
-3.1086228
-2.7534834
-2.2161621
-1.6211883
-1.0884792
-0.6549324
-0.3574455
-0.2928747
-0.4819749
-0.8094411
-1.1507439
-1.4551491
-1.7618604
-2.0893266
-2.4283233
-2.7488712
-3.0025422
-3.1063167
-3.067113
-2.7119736
-2.2738146
13.7028462
12.7896306
12.4391034
12.268452
12.0009444
11.807232
12.3998997
14.1064137
16.4032893
18.1397826
18.6010026
18.4649427
18.6632673
18.517983
17.5794003
15.9951096
14.3277993
13.3038909
13.0271589
13.121709
13.0317711
12.8196099
13.2208713
14.1179442
14.9066304
15.5477262
16.3064331
17.7984798
20.0515395
22.4775567
24.467721
25.8905847
27.0943689
28.111359
28.3004592
27.2742447
25.0765314
22.6274532
21.1792224
20.5819425
19.4957694
17.6139918
15.5315835
13.6336632
12.153147
11.1961155
10.2529206
9.062973
7.8061485
6.5147325
5.2417653
4.1809593
3.3738243
2.8618701
2.6819943
2.4998124
2.3061
2.1423669
2.1631218
2.0916327
1.8287373
1.4828223
1.176111
0.853257
0.6364836
0.5350152
0.5004237
0.6895239
1.1807232
1.752636
2.2807329
2.7165858
3.0786435
3.3715182
3.436089
3.2031729
2.7880749
2.5320978
2.4975063
2.4882819
2.4306294
2.3084061
2.144673
1.914063
1.5266382
1.0792548
0.576525
0.507342
0.8486448
1.3029465
1.5935151
1.9278996
2.4767514
3.3599877
4.2524484
4.8451161
5.0365224
4.8520344
4.4992011
4.2501423
6.2979591
6.8537292
7.2065625
7.5962934
7.9952487
8.1797367
8.0321463
8.094411
8.8369752
9.9554337
10.9332201
11.6550294
12.3583899
13.0156284
13.6267449
14.2862895
15.4416456
17.157384
18.5687172
18.6240636
18.1420887
18.4303512
18.9907335
18.4833915
16.8875703
15.0173232
13.490685
12.6512646
12.2799825
11.9594346
11.3598486
10.3636134
9.408888
8.5902225
7.6908435
6.6761595
5.7906171
5.2417653
4.7667087
3.9595737
2.7235041
1.3951905
0.1683453
-0.8025228
-1.452843
-1.7918397
-1.8702471
-1.8264312
-1.8610227
-1.9809399
-2.1077754
-2.2069377
-2.2507536
-2.0870205
-1.8771654
-1.6857591
-1.6119639
-1.5981273
-1.7088201
-1.8564105
-1.9509606
-2.0040009
-1.8402678
-1.4459247
-1.0538877
-0.7218093
-0.4427712
-0.1545087
0.1729575
0.5603823
0.9178278
1.2176208
1.4136393
1.4090271
1.3951905
1.498965
1.7872275
2.1100815
2.2092438
2.2069377
2.1769584
2.513649
3.2446827
3.966492
4.4646096
4.9419723
5.7352707
6.6946083
7.3910505
7.6285788
7.7092923
8.025228
8.440326
8.5740798
8.5072029
8.6155896
8.9684229
9.2451549
9.3812148
9.3189501
24.4308234
20.3121288
17.0120997
14.3070444
12.0078627
9.8493531
7.7923119
5.6822304
3.6044343
1.8172068
0.6503202
0.2628954
0.5004237
0.9754803
1.429782
1.9002264
2.5782198
3.5306391
4.5038133
5.2002555
5.5992108
5.9889417
6.7983828
8.3342454
10.4581635
12.9856491
15.8751924
19.9085613
24.9888996
28.664823
27.7908111
22.6643508
16.4747784
11.3367876
7.5040494
4.7159745
2.8157481
1.6742286
0.7679313
-0.345915
-1.7088201
-2.9149104
-3.6021282
-3.5882916
-2.9218287
-1.8402678
-0.4958115
0.9431949
2.4329355
3.8996151
5.2717446
6.4870593
7.4141115
7.8707193
7.7692509
7.241154
7.8499644
8.1313086
7.9468206
7.2757455
6.2610615
5.1495213
4.1025519
3.3761304
2.8710945
2.3660586
1.7595543
0.9800925
0.1429782
-0.6434019
-1.2637428
-1.8056763
-2.2299987
-2.4260172
-2.2761207
-1.8056763
-1.0239084
-0.1176111
0.6941361
1.1322951
0.9616437
0.4127919
-0.0737952
0.1475904
0.6849117
1.2314574
1.5081894
1.2522123
0.5004237
-0.3159357
-0.8186655
-0.8647875
-0.5903616
-0.2698137
0.0069183
0.1729575
0.138366
-0.0991623
-0.4704444
-0.9155217
22.5836373
19.278996
16.4840028
14.3485542
12.5128986
10.83867
9.6118248
8.6870787
7.7092923
6.3094896
4.9742577
4.1440617
3.7428003
3.6136587
3.8419626
4.1878776
4.2708972
4.3216314
4.3539168
4.3054887
4.2363057
4.3400802
4.4623035
4.2685911
4.1440617
4.0172262
3.5537001
3.0348276
2.7350346
2.8019115
3.2170095
3.8857785
4.5591597
4.9004625
4.9304418
5.1379908
5.5853742
6.4017336
7.8453522
9.7248237
11.6988453
13.4768484
15.0842001
16.327188
16.6177566
15.7621935
14.044149
12.0309237
10.4558574
9.5426418
8.878485
8.0090853
6.7361181
5.0688078
3.0140727
1.1392134
-0.23061
-1.1507439
-1.8079824
-2.0408985
-1.867941
-1.1968659
-0.4289346
0.2813442
0.7448703
1.0285206
1.3260075
1.5658419
1.3213953
0.8094411
0.1752636
-0.5096481
-1.2568245
-1.8264312
-2.2069377
-2.6889126
-3.1778058
-3.5006598
-3.6528624
-3.4914354
-2.8411152
-1.7457177
-0.4981176
0.8693997
1.9486545
2.5044246
2.8503396
3.2170095
3.5652306
4.081797
4.6998318
5.3432337
5.8321269
6.2518371
6.7384242
7.0220745
6.9920952
6.8006889
6.6231192
6.4132641
3.7981467
3.4660683
3.4107219
3.6943722
4.1210007
4.6006695
5.1725823
5.9151465
6.7453425
7.4233359
7.7900058
7.7531082
7.2895821
6.6853839
6.2356944
5.9612685
5.9935539
6.434019
6.9229122
6.9067695
6.1872663
4.8105246
3.3507633
2.4490782
2.283039
2.5574649
2.9610324
3.4222524
3.8834724
4.2524484
4.6652403
5.3870496
6.5562423
8.1197781
9.9439032
11.9386797
13.7512743
15.2525454
16.1034963
16.0896597
15.3609321
14.3716152
13.4284203
12.8334465
12.2200239
11.4797658
10.9470567
10.7994663
10.700304
9.9462093
8.2719807
6.0788796
3.8212077
1.8517983
0.4473834
-0.1729575
0.0069183
0.668769
1.5612297
2.2922634
2.744259
3.0371337
3.3484572
3.7105149
3.9065334
3.8073711
3.1801119
2.0501229
0.5557701
-0.8947668
-1.9901643
-2.6151174
-2.8226664
-2.6105052
-2.0870205
-1.2429879
-0.1914063
0.8924607
1.8494922
2.3614464
2.4975063
2.6266479
3.2077851
4.4300181
6.249531
8.4287955
10.4189598
11.7772527
12.5267352
12.6720195
12.0170871
10.6126722
9.0329937
7.8153729
7.1535222
6.8606475
6.5354874
5.8090659
4.5637719
2.8226664
3.7843101
4.6836891
5.0711139
5.0803383
4.8566466
4.473834
3.9687981
3.3599877
2.7027492
2.213856
1.9532667
2.1308364
2.6796882
3.6528624
5.2233165
7.4371725
10.14684
13.1724432
16.2141891
18.6586551
20.0446212
20.5219839
20.3882301
19.5903195
18.0429264
16.1611488
14.4338799
13.14477
11.9755773
10.4258781
8.3573064
5.7698622
3.159357
1.0308267
-0.3182418
-0.9109095
-0.968562
-0.761013
-0.5327091
-0.2836503
-0.1014684
0.0622647
0.3436089
0.9385827
1.983246
3.436089
4.958115
5.5369461
5.9105343
5.7998415
5.2002555
4.3170192
3.5767611
3.4845171
4.197102
5.419335
6.549324
7.2941943
7.5294165
7.171971
6.3279384
5.3017239
4.358529
3.9180639
4.081797
4.6606281
5.2532958
5.3293971
4.7021379
3.9549615
3.2423766
2.7996054
2.744259
3.1178472
3.7428003
4.5176499
5.4101106
6.4386312
7.5501714
8.5072029
9.0652791
9.2151756
9.0145449
8.4472443
8.6986092
8.8415874
8.7770166
8.3365515
7.6631703
7.1235429
6.7361181
6.434019
6.3002652
6.3164079
6.3579177
6.3117957
6.3210201
6.4478556
6.8767902
7.7092923
-1.23145739997403
-1.23376349999966
-1.3559867999952
-1.53355650001879
-1.70420790000742
-1.87024710000768
-1.86332880001466
-1.76647260000752
-1.68806519999574
-1.58198460001188
-1.59582119999792
-1.56122970001185
-1.58890289998393
-1.64886150000034
-1.79183969999591
-1.92098130000544
-2.04089849999631
-2.07087779999403
-1.93712399999614
-1.74802379999117
-1.55431139999785
-1.39288440000691
-1.31908919998349
-1.37212950000688
-1.50588330000476
-1.69959569999809
-1.90483859999376
-2.07318390001966
-1.87947150000537
-1.60273949999094
-1.32139529998815
-1.23837569998802
-1.28219159999275
-1.42286370000463
-1.59582119999792
-1.77108479999587
-1.84718610000299
-1.87485930001701
-1.84026779998899
-1.77800309998889
-1.76186039999819
-1.72957499999581
-1.6742286000097
-1.65347369998869
-1.62580049999564
-1.57276019999322
-1.51280160001876
-1.46667960000936
-1.44361860000467
-1.44592470000933
-1.5035772000001
-1.56814799998389
-1.60273950001191
-1.65577979999336
-1.65577979999336
-1.55661750000252
-1.40672099999295
-1.30986479998581
-1.21992690001362
-1.16688660001121
-1.19455980000426
-1.28680379998111
-1.40902709999762
-1.60735170000027
-1.72496280000745
-1.69728959999342
-1.55431140001883
-1.45053689999768
-1.3559867999952
-1.27988550000906
-1.28680380000208
-1.35598680001617
-1.43208810000232
-1.53816870000715
-1.61657609999795
-1.5658419000002
-1.40902710001859
-1.18994759999493
-0.857869199994396
-0.58344329998463
-0.475056599996107
-0.514260300012483
-0.677993400008087
-0.945500999982887
-1.17149879999956
-1.20378420000195
-1.0677242999994
-0.883236300003759
-0.707972700005804
-0.65493240000339
-0.795604499973321
-1.07464259999242
-1.41133320000228
-1.72957499999581
-1.89561419999607
-1.78722749998658
-1.41594539999064
-0.860175299999062
-0.281344199981812
0.133753799976912
-1.12768289999483
-1.18994759999493
-1.20378420000195
-1.28910990002772
-1.51971990001178
-1.85179829999134
-1.99477650000789
-1.69267739998409
-0.975480300001577
-0.152202600014229
0.325160100007518
0.299793000019129
-0.036897599990738
-0.535015200012518
-1.04696939999936
-1.42747590001396
-1.56353580001651
-1.68114690000272
-1.67192250000503
-1.55892359998621
-1.32139530000913
-1.01237789999232
-0.717197100003489
-0.456607800000738
-0.309017400016814
-0.214467300014329
-0.101468399995503
0.191406300009631
0.648014100010371
1.11845849999715
1.38366000000923
1.27296719999507
0.555770099991576
-0.624953099984697
-1.7526360000005
-2.33838540001077
-2.17695840001983
-1.38366000000923
-0.304405200007483
0.68260559997547
1.09539750001342
1.0262145000203
0.784073999991947
0.590361599998623
0.64340190000104
0.991623000013255
1.55200529999319
1.91175690000775
1.65347370000966
1.01929619998534
0.511954199986846
0.44046509998906
0.869399700017718
1.67192250002601
2.47444529999234
3.092480100005
3.32078400000537
3.20547900000286
2.97948119998616
2.87340060002329
3.15935700001444
3.96187980000175
5.08495049998725
6.20802119999373
6.9090756000065
7.21809300000235
7.31033700000016
7.20886860000466
6.97595250001593
6.75917909999696
6.60697650000369
6.5124264000012
6.25414320000311
5.68453649998356
4.96733940000104
4.37005949998842
3.79353449999682
3.07633739999331
2.24614139999198
1.39057830000225
0.774849600015236
0.537321300017183
0.58805549999396
0.924746100003826
1.55661750000252
2.1492852000058
2.62895400001123
2.86878839999299
3.19394850002147
3.97110419999942
5.15643959998503
6.41557019999405
7.6101300000193
9.03991200001695
10.7302832999964
12.369920399999
13.5690924000126
14.5399605000049
16.0550681999863
18.9353870999817
-0.311323499979529
-0.168345300004933
-0.131447699993221
-0.126835500004866
-0.126835499983892
-0.232916099988726
-0.359751600014565
-0.562688399984598
-0.839420400020001
-1.10923409999946
-1.2545183999997
-1.31447699999513
-1.33061970000681
-1.1922536999996
-0.887848499992113
-0.525790800014833
-0.242140500007382
-0.0207549000000336
0.0345914999860735
-0.00230609998369073
-0.140672099990906
-0.345914999986576
-0.601892099979999
-0.834808199989699
-1.01468399999698
-1.25221229997406
-1.57506629997691
-1.91406300001242
-2.24844749999664
-2.58052590001815
-2.81113590000221
-2.95180800001409
-3.13860209999343
-3.24929490000759
-3.29541689999601
-3.3576815999961
-3.40610969998918
-3.39688530001248
-3.42917069999389
-3.56061840000809
-3.67592339998962
-3.71512709998503
-3.68514780000828
-3.59290379998951
-3.48682320000563
-3.40380359998453
-3.34384499998909
-3.33923280000074
-3.41302800000318
-3.45915000001259
-3.43608900000789
-3.42917070001487
-3.46145610001725
-3.49374150001963
-3.55831230000341
-3.63671969999423
-3.64594409999191
-3.56523060001741
-3.36921209999845
-3.05097030000494
-2.65201500001593
-2.22999870000128
-1.8840837000147
-1.66269809998638
-1.57737240000255
-1.54508700000017
-1.40902709999762
-1.17841709999258
-0.809441100022282
-0.417404100005336
-0.0807134999954697
0.191406299988657
0.355139400026209
0.417404100005336
0.276731999993455
0.179875799986308
0.304405200007483
0.754094700015202
1.30986480000678
1.72726889999114
1.8379617000053
1.77569699998423
1.66269809998638
1.40441490000926
0.968561999987584
0.50042370000547
0.288262499995805
0.516566399996174
1.15996829999721
2.06626560000567
2.97486899999781
3.76124909999442
4.52918040001665
5.15413350000134
5.42394720000178
5.44008990001347
5.48621190000187
5.77447439997671
6.20340900000537
6.44785560001741
-1.2476000999857
-1.18994759999493
-1.231457399995
-1.33523190001614
-1.3398441000045
-1.35829289999987
-1.4021088000046
-1.46898569999305
-1.56814800002584
-1.68345300000738
-1.78722750000755
-1.84257390001463
-1.9071447000194
-1.83334949999597
-1.651167600005
-1.39057830000225
-1.19917200001359
-0.966255899982919
-0.830195999980368
-0.834808199989699
-0.93397050000151
-1.10462189999013
-1.34215020000916
-1.57045409998856
-1.74110549999816
-1.90022639998443
-2.05012289999399
-2.17234619998953
-2.34760980000846
-2.47675140001799
-2.56668929999018
-2.61972959999257
-2.69813700000436
-2.74425900001377
-2.74887120000212
-2.76962610000214
-2.7811566000045
-2.7557895000161
-2.77654439999516
-2.83880910001623
-2.88493110000466
-2.93105310001407
-2.94488970000009
-2.92413480000007
-2.90107379999536
-2.88493110000466
-2.875706699986
-2.91491040000238
-2.99562389999786
-3.03021539998393
-3.00254219999087
-2.98409340001647
-2.97256290001414
-2.95411409999779
-2.95411409999779
-2.94719579998379
-2.882625
-2.76962610000214
-2.64279059999728
-2.47905750000168
-2.26920240001765
-2.04320460000097
-1.97863379999621
-2.00630699998926
-2.04551070000564
-2.05934729999168
-1.92789959999846
-1.72726889999114
-1.48512840000473
-1.25221229999503
-1.09078530000409
-0.977786400006243
-0.846338699992046
-0.673381199998759
-0.63187139999869
-0.608810399993993
-0.505035900014798
-0.375894299984296
-0.362057699998254
-0.507342000019464
-0.712584899994161
-0.871705800022383
-1.15305000000419
-1.51971990001178
-1.89330809999141
-2.12161200001275
-2.09624490000339
-1.83334949999597
-1.42516979998832
-0.959337599989899
-0.498117600000805
-0.0115305000233229
0.537321300017183
1.00776570000396
1.23606959998335
1.32370139999282
1.49435280000242
1.70420790000742
1.65347369998869
1.39519050001158
-3.56292449999177
-3.59751600001981
-3.67361729998496
-3.73588200000604
-3.75433080000141
-3.65516850001056
-3.44070120001723
-3.11323500000503
-2.86417620000464
-2.64740280000662
-2.54593440001112
-2.56668929999018
-2.64048449999262
-2.83880909999527
-3.06019470000263
-3.16858140001211
-3.11092890002135
-3.01868490000256
-2.98870560000484
-2.94258359999543
-2.95642020000244
-3.04866420000028
-3.15013259999578
-3.2792742000053
-3.30002910000533
-3.0694191000003
-2.49520019999239
-1.89792030000074
-1.35598680001617
-0.991622999992281
-0.696442200003457
-0.804828899991979
-1.12076460000181
-1.37674169999524
-1.30525259999745
-0.878624100015402
-0.281344200002786
0.0530403000024161
0.186794100000302
0.0853257000047988
-0.191406299988657
-0.447383399982079
-0.479668800005435
-0.313629600005168
-0.205242899995671
-0.253670999988758
-0.405873600002986
-0.613422599982349
-0.87631800001074
-1.14613170001118
-1.42055759999997
-1.71112620000044
-1.93020570000312
-2.09855099998708
-2.31532440000607
-2.52287339998543
-2.68891260000669
-2.82727859999292
-3.03482760001423
-3.21239729999587
-3.2562132000006
-3.21009120001218
-3.11554110000971
-3.01176660000952
-2.95411409999779
-3.01868490000256
-2.82266640000457
-2.17695839999886
-1.24990619999037
-0.253671000009732
0.594973800028928
1.24298789999735
1.48512840000473
1.24529400000201
0.728727599984865
0.214467300014329
-0.20293680001198
-0.320547899998187
0.0299793000186919
0.58805549999396
0.486587099998457
-0.382812599998289
-1.59120899998859
-2.73042240000673
-3.63210750000588
-4.18787759999744
-4.40695709997915
-4.45769129999788
-4.32624360000466
-4.02183839999719
-3.66439290000826
-3.33231449998674
-2.97948119998616
-2.54132220000178
-2.08702049998473
-1.64886150000034
-1.26143669999272
-1.03082670000866
-0.880930199999094
-0.574218900007919
-3.11323500000503
-3.08786789999566
-3.13629599998877
-3.15013260001674
-3.10862280001667
-3.0555824999723
-3.02560319999557
-2.92874700000939
-2.7742382999905
-2.63356619999961
-2.45830260000164
-2.28534509998738
-2.10316319999641
-1.9694094000195
-1.8149007000006
-1.60043339998627
-1.25682450000436
-0.860175299978088
-0.594973800007954
-0.472750499991442
-0.343608900002885
-0.292874700005133
-0.620340899996343
-1.24068179999269
-1.74341159998184
-1.79414580000057
-1.42747589999299
-1.04927550000403
-0.917827800010806
-0.982398600015571
-1.15535609998789
-1.39980269999993
-1.72957499999581
-2.10085709999174
-2.44907820000397
-2.62434180000191
-2.52748559999477
-2.36605859998284
-2.33377319998047
-2.36605859998284
-2.46522089999467
-2.61050520001587
-2.68199429999269
-2.65893329998799
-2.57821979999251
-2.31071220001771
-2.01322530000326
-1.8379617000053
-1.77108479999587
-1.78261529999822
-1.78722749998658
-1.63733099999799
-1.30986480002775
-0.963949799999227
-0.691829999994126
-0.442771200014699
-0.21677339999802
-0.249058800021378
-0.641095799996375
-1.11615239999248
-1.28680380002305
-1.01699010000164
-0.615728700007986
-0.541933499984563
-0.795604499994295
-1.11845850001812
-1.50588330000476
-1.92559350001477
-2.28303900000369
-2.57591370000883
-2.80191150000452
-2.8526456999813
-2.90107379999536
-2.97025679998849
-3.00254219999087
-3.00484830001651
-3.04174590000724
-3.07864350001896
-3.09017400002131
-3.16627529998649
-3.30694739999836
-3.4360889999869
-3.5375573999824
-3.62057699998254
-3.67592340001061
-3.73357590000138
-3.77277960001776
-3.74280029999905
-3.73588200000604
-3.80045280001082
-3.85118699998759
-3.87886020000161
-3.94573710001105
-3.98032859999712
-3.93881879999705
-3.8165955000015
-3.62749529997558
-3.30464129999368
-2.80652369999287
-2.24844749999664
30.0669318
25.1457144
21.2668542
18.9238566
17.6785626
16.7492043
15.3747687
13.3776861
10.953975
8.232777
6.3763665
5.465457
4.84281
4.3516107
4.0056957
3.7289637
3.3968853
3.1224594
3.0163788
3.7059027
5.1218481
7.1904198
9.062973
9.9577398
9.8262921
9.547254
9.6233553
10.5942234
12.775794
15.7345203
18.5963904
19.9408467
20.1622323
21.5666472
23.406915
23.0125719
19.0760592
13.4491752
9.178278
7.517886
7.6285788
7.9744938
7.8914742
7.0658904
5.9013099
5.3340093
5.5600071
6.0904101
6.9136878
8.1474513
22.5836373
19.278996
16.4840028
14.3485542
12.5128986
10.83867
9.6118248
8.6870787
7.7092923
6.3094896
4.9742577
4.1440617
3.7428003
3.6136587
3.8419626
4.1878776
4.2708972
4.3216314
4.3539168
4.3054887
4.2363057
4.3400802
4.4623035
4.2685911
4.1440617
4.0172262
3.5537001
3.0348276
2.7350346
2.8019115
3.2170095
3.8857785
4.5591597
4.9004625
4.9304418
5.1379908
5.5853742
6.4017336
7.8453522
9.7248237
11.6988453
13.4768484
15.0842001
16.327188
16.6177566
15.7621935
14.044149
12.0309237
10.4558574
9.5426418
5.2279287
3.9457371
3.8396565
4.5038133
5.511579
6.6000582
7.8269034
9.1275438
10.3820622
11.2652985
11.3944401
11.2284009
11.0254641
10.4720001
9.6049065
8.6178957
7.7669448
7.2619089
7.0474416
7.1811954
7.7508021
8.8923216
9.9877191
10.7648748
11.3506242
12.1508409
13.4653179
15.2825247
17.29575
19.0599165
20.1276408
20.0377029
18.6240636
16.1265573
13.3131153
10.8063846
8.9453619
7.5755385
6.3509994
5.0872566
3.7912284
2.3798952
1.1876415
0.46122
0.1291416
0.0322854
0.0599586
0.0830196
0.023061
-0.069183
5.2279287
3.9457371
3.8396565
4.5038133
5.511579
6.6000582
7.8269034
9.1275438
10.3820622
11.2652985
11.3944401
11.2284009
11.0254641
10.4720001
9.6049065
8.6178957
7.7669448
7.2619089
7.0474416
7.1811954
7.7508021
8.8923216
9.9877191
10.7648748
11.3506242
12.1508409
13.4653179
15.2825247
17.29575
19.0599165
20.1276408
20.0377029
18.6240636
16.1265573
13.3131153
10.8063846
8.9453619
7.5755385
6.3509994
5.0872566
3.7912284
2.3798952
1.1876415
0.46122
0.1291416
0.0322854
0.0599586
0.0830196
0.023061
-0.069183
31.3030014
31.8034251
31.6512225
30.5973348
28.7893524
26.6838831
24.5645772
22.3553334
19.5119121
16.327188
13.8366
12.0009444
10.5088977
9.3235623
8.3988162
7.6216605
6.9944013
6.3071835
5.9428197
6.134226
6.4478556
6.4363251
6.1688175
5.9174526
6.0765735
7.0036257
8.6663238
10.8179151
12.9395271
14.4523287
15.3793809
15.8175399
15.0542208
12.9925674
10.5088977
8.4610809
7.3172553
6.895239
6.6162009
5.8367391
4.2409179
1.7664726
-0.7932984
-2.7350346
-3.6390258
-3.7796979
-3.3369267
-2.6635455
-1.9325118
-1.3698234
33.9342615
31.9417911
30.1707063
28.1828481
25.8075651
23.4645675
21.5089947
20.1968238
19.0829775
18.1397826
17.7316029
18.0429264
18.5525745
18.6886344
18.3381072
17.4548709
16.2949026
15.128016
13.9426806
12.5774694
10.8294456
8.7308946
6.4847532
4.4807523
2.9471958
2.07549
1.6696164
1.5243321
1.7457177
2.6012808
3.9572676
5.5600071
7.448703
9.8216799
12.3676143
14.6598777
16.4494113
16.8483666
15.0934245
11.8602723
8.8392813
6.9598098
5.6660877
4.2339996
2.0109192
-0.3366906
-1.7918397
-2.4398538
-2.4190989
-2.2161621
33.9342615
31.9417911
30.1707063
28.1828481
25.8075651
23.4645675
21.5089947
20.1968238
19.0829775
18.1397826
17.7316029
18.0429264
18.5525745
18.6886344
18.3381072
17.4548709
16.2949026
15.128016
13.9426806
12.5774694
10.8294456
8.7308946
6.4847532
4.4807523
2.9471958
2.07549
1.6696164
1.5243321
1.7457177
2.6012808
3.9572676
5.5600071
7.448703
9.8216799
12.3676143
14.6598777
16.4494113
16.8483666
15.0934245
11.8602723
8.8392813
6.9598098
5.6660877
4.2339996
2.0109192
-0.3366906
-1.7918397
-2.4398538
-2.4190989
-2.2161621
13.7028462
12.7896306
12.4391034
12.268452
12.0009444
11.807232
12.3998997
14.1064137
16.4032893
18.1397826
18.6010026
18.4649427
18.6632673
18.517983
17.5794003
15.9951096
14.3277993
13.3038909
13.0271589
13.121709
13.0317711
12.8196099
13.2208713
14.1179442
14.9066304
15.5477262
16.3064331
17.7984798
20.0515395
22.4775567
24.467721
25.8905847
27.0943689
28.111359
28.3004592
27.2742447
25.0765314
22.6274532
21.1792224
20.5819425
19.4957694
17.6139918
15.5315835
13.6336632
12.153147
11.1961155
10.2529206
9.062973
7.8061485
6.5147325
6.2979591
6.8537292
7.2065625
7.5962934
7.9952487
8.1797367
8.0321463
8.094411
8.8369752
9.9554337
10.9332201
11.6550294
12.3583899
13.0156284
13.6267449
14.2862895
15.4416456
17.157384
18.5687172
18.6240636
18.1420887
18.4303512
18.9907335
18.4833915
16.8875703
15.0173232
13.490685
12.6512646
12.2799825
11.9594346
11.3598486
10.3636134
9.408888
8.5902225
7.6908435
6.6761595
5.7906171
5.2417653
4.7667087
3.9595737
2.7235041
1.3951905
0.1683453
-0.8025228
-1.452843
-1.7918397
-1.8702471
-1.8264312
-1.8610227
-1.9809399
-0.959337600010873
-1.03082670000866
-1.07003039998309
-1.06080600000638
-1.01929620000631
-0.982398600015571
-1.00084740001094
-1.01007180000862
-1.0262145000203
-1.0446632999947
-1.04235719999003
-1.07464260001339
-1.08156089998544
-1.02390839999466
-1.0031535000156
-0.973174200017886
-0.947807100008524
-0.959337599989899
-0.984704699978288
-1.10231580000644
-1.18302929998094
-1.16227440000188
-1.13690730001349
-1.05849990002269
-0.927052199987516
-0.924746100003826
-0.910909499996812
-0.92705220000849
-1.01699010000164
-1.11615239999248
-1.25913060000903
-1.27527329999973
-1.23837569998802
-1.18302929998094
-1.14151950000185
-1.05849990000171
-1.04466330001567
-1.09078530000409
-1.15766219999255
-1.24529400000201
-1.28680380000208
-1.41825150001628
-1.43208810002329
-1.43208810000232
-1.46898569999305
-1.52894429998849
-1.54278089997453
-1.42978199999765
-1.38827219999758
-1.30986480000678
-1.30294649999278
-1.45976129999537
-2.00169480000091
-2.63356620002057
-3.19625460000517
-3.59059769998483
-3.65516850001057
-3.31617179999604
-2.57360760000416
-1.56814800000487
-1.03313279999235
-0.777155699998926
-0.627259200010336
-0.770237399984932
-2.12622420000111
-4.79668800001242
-7.24115400000705
-8.87387280001668
-9.35815380001047
-8.57407979999755
-6.57699720000597
-3.61596479999419
-0.876318000010739
0.481974900010101
0.615728700007987
0.691829999994127
-0.0784074000117789
-1.99247040000322
-4.19710199999513
-5.76986220000933
-6.47091660000114
-6.17804189997503
-4.97656379999872
-3.14321430002373
-1.04927550000403
0.424322399998356
0.682605599996443
0.401261399993658
0.235222199993389
-0.225997800016678
-1.22915130001131
-2.22077430000359
-2.82497250000923
-2.99793000000252
-2.70274919999272
-2.04320460002195
-1.07003040000406
-0.608810399993993
-0.698748299987147
-1.11845850001812
-1.0446632999947
-1.1922536999996
-1.31908919998349
-1.33753799999983
-1.29833430000443
-1.24529400000201
-1.26604890000205
-1.28910989998577
-1.33061970000681
-1.40672100001393
-1.46206740000003
-1.52202599999547
-1.5889029000049
-1.60735170002124
-1.61196389998862
-1.57045409998856
-1.54508700000017
-1.53355649999782
-1.50357719997913
-1.51280159999779
-1.5266382000048
-1.5266382000048
-1.5889029000049
-1.59120900000956
-1.56584189997923
-1.4874345000094
-1.37212949998591
-1.30755870000211
-1.231457399995
-1.16458049998557
-1.13921339999718
-1.18302930000191
-1.40672099999295
-1.60273950001191
-1.69267740000507
-1.66500419999104
-1.40672099999295
-1.11615239999248
-0.917827800010806
-0.814053299989664
-0.737952000003524
-0.878624099994429
-1.34445630001383
-2.17695839999886
-2.77193219998584
-2.8434213000046
-2.37758910000617
-1.58659680000023
-1.0446632999947
-0.809441100001309
-0.807134999996644
-0.850950900001376
-1.05849990000171
-1.39980269999993
-1.81720680000527
-1.95557279999151
-1.85410440001698
-1.60043339998627
-1.21531469998332
-1.01468399999698
-0.931664399996846
-0.929358299992181
-0.908603400013121
-0.973174200017886
-1.09770359999711
-1.21070249999497
-1.2083963999903
-1.11845850001812
-0.938582699989865
-0.818665499998993
-0.756400799998893
-0.733339800015168
-0.774849599973288
-0.85325700000604
-0.957031499985234
-1.07003040000406
-1.09309140000876
-1.06541819999473
-1.00084740001094
-0.998541299985302
-1.00315349999463
-1.01468400001795
-1.0608059999854
-1.11615240001346
-1.16458050000654
-1.24990620001134
-1.30525259999745
-1.33753799999983
-1.35368070001151
-1.3398441000045
-1.37443559999057
-1.39057830000225
-1.41594540001161
-1.48512840000473
-1.52663820002577
-1.58429069999557
-1.63271879998866
-1.64194320000732
-1.63733100001896
-1.57737240000255
-1.38596609999292
-1.36059900000453
-1.3951904999906
-1.49665890002805
-1.64424929999101
-1.78492140000289
-1.7595543000145
-1.47129179999772
-1.00315349997366
-0.606504300010302
-0.484280999993792
-0.599585999996309
-0.850950899980402
-1.17841709999258
-1.48512839998376
-1.68114690000272
-1.70420789998644
-1.60043339998627
-1.46898569999305
-1.4182514999953
-1.41363930000695
-1.50818940000943
-1.64194320000732
-1.78030920001453
-1.91406300001242
-2.02936799999396
-2.1100815000104
-2.17926450000352
-2.22999870000128
-2.26459019998735
-2.31532440000607
-2.37528300000151
-2.38681350000386
-2.3614463999945
-2.35222199997584
-2.32685490000842
-2.25305970000597
-2.14467300001745
-2.03398020000329
-1.90253249998909
-1.76877869999121
-1.68806519999574
-1.64655539999567
-1.57737240002352
-1.42747589999299
-1.22223299999732
-0.924746100003826
-0.629565300015001
-0.387424799986644
-0.212161200009665
-0.191406300009631
-0.371282099995939
-0.608810399993993
-0.761013000008222
-0.818665500019967
-0.804828900012953
-0.790992299984966
-0.839420399999027
-0.966255900003893
-1.10923409997849
-1.25682449998339
-1.40902709999762
-1.56584190002118
-1.68575910001205
-1.92098130000544
-2.10085709999174
-1.97863379999621
-1.67653470001436
-1.30986480000678
-1.01468399999698
-0.788686200001275
-0.57652499999161
-0.721809299991845
-1.72496280000745
-3.14090819999809
-3.96649200001107
-3.67131120000128
-2.39373179999688
-0.899379000015437
-0.179875800007282
-0.315935699988859
-0.698748300008121
-1.1299889999995
-1.54278090001648
-1.85179830001232
-2.10777540000574
-2.2138559999896
-2.24383529998731
-2.29687559998973
-2.4006500999899
-2.53209780000409
-2.6958308999997
-2.88954329999302
-3.05558250001426
-3.1778058000098
-3.25390709997497
-3.24929490002856
-3.16858139999114
-3.0140727000142
-2.78807489999752
-1.05388769999238
-1.07464259999242
-1.10231580000644
-1.12537679999017
-1.13921339999718
-1.14382559998554
-1.12537680001114
-1.09309140000876
-1.05158160000869
-1.01007180000862
-0.977786399985268
-0.963949799999228
-0.963949799999228
-0.980092499989933
-1.0054595999993
-1.00776570000396
-0.977786400006242
-0.92705220000849
-0.878624100015403
-0.837114299994362
-0.830195999980368
-0.86709359999208
-0.970868099992248
-1.10923410002044
-1.21762079998799
-1.19917199999262
-1.07233649998775
-0.929358300013155
-0.818665500019967
-0.777155699998926
-0.788686200001275
-0.823277700008322
-0.85786920001537
-0.880930199999094
-0.890154599996778
-0.86709359999208
-0.837114299994362
-0.832502099985033
-0.848644799996711
-0.8740118999851
-0.901685099978154
-0.92705220000849
-0.938582700010839
-0.945501000003859
-0.959337600010873
-0.959337600010873
-0.947807100008524
-0.950113200013188
-0.952419299996879
-0.947807100008524
-0.945501000003859
-0.943194899999195
-0.938582699989865
-0.954725400001544
-0.980092500010906
-0.961643699994564
-0.910909499996812
-0.869399699975771
-0.832502100006007
-0.802522800008289
-0.802522799987315
-0.903991200003792
-1.09539750001342
-1.46206740000003
-1.82643120000295
-1.93020570000312
-1.69267739998409
-1.2937220999951
-0.963949799999228
-0.7771557000199
-0.763319099991912
-0.770237400005906
-0.927052199987516
-1.19225370002057
-1.47129179999772
-1.55892359998621
-1.35368070001151
-1.05158159998772
-0.837114299994362
-0.80482889999198
-0.814053300010638
-0.894766799985134
-1.04005110000634
-1.20147809999728
-1.33523189997419
-1.34215020000916
-1.231457399995
-1.12076460000181
-1.05388770001336
-1.0446632999947
-1.07233650000873
-1.12076460000181
-1.1691926999949
-1.20839640001128
-1.22453909998101
-1.1922536999996
-1.15766219999255
-1.13690730001349
-1.12307070000648
-1.10462189999013
-1.53586260000248
-1.57045410000953
-1.60735170000027
-1.63041270000497
-1.63502489999332
-1.62118830000728
-1.57045410000953
-1.49896499999077
-1.4182514999953
-1.33523189999517
-1.27527329999973
-1.25221230001601
-1.26604889998107
-1.30525259999745
-1.35829289999987
-1.37674169999523
-1.34215019998819
-1.27296719999507
-1.19686590000893
-1.12998899997852
-1.10923409999946
-1.16458050000654
-1.24760010000668
-1.42286370000463
-1.5658419000002
-1.5496992000095
-1.38596610001389
-1.18764150001124
-1.05849990000171
-1.02390839999466
-1.04927550000403
-1.12307070000648
-1.19686590000893
-1.24298790001832
-1.25913060000903
-1.22915130001131
-1.18764150001124
-1.18533540000658
-1.21300859999963
-1.2545183999997
-1.29141599999044
-1.31908920000446
-1.32831360000215
-1.33061970000681
-1.33753799999983
-1.33523189999517
-1.31217090001144
-1.29602819999977
-1.29602819999977
-1.30294650001376
-1.31908919998349
-1.34906850000218
-1.37443560001154
-1.38135390000456
-1.3951904999906
-1.41133320000228
-1.39749659999527
-1.35829289999987
-1.3167830999998
-1.26604890000205
-1.19455980000426
-1.11845850001812
-1.09539750001342
-1.13690730001349
-1.3329257999905
-1.63271880000963
-1.84487999999832
-1.78030919999356
-1.47590400000705
-1.13921339999718
-0.92013390001547
-0.850950900001376
-0.903991200003792
-1.0608059999854
-1.17149879999956
-1.25682450000436
-1.32370139999282
-1.33753799999983
-1.30525259999745
-1.28680380000208
-1.29141599999044
-1.31447699999513
-1.3398441000045
-1.37674170001621
-1.40441490000926
-1.42747589999299
-1.44823079999302
-1.46898569999305
-1.47359790000238
-1.48282229997909
-1.49204670001873
-1.4874345000094
-1.47359790000238
-1.46437349998372
-1.43900639999534
-1.39980269999993
-1.36982340000221
-1.3398441000045
-1.30525260001842
-1.26604890000205
-1.13460119998785
-1.13690730001349
-1.14613170001117
-1.13690730001349
-1.1069279999948
-1.08156090000641
-1.05619379999705
-1.02160229999
-0.993929099996946
-0.973174199996913
-0.963949799999228
-0.963949799999228
-0.963949799978254
-0.931664399996846
-0.878624099994429
-0.830196000001342
-0.779461799982617
-0.749482500005873
-0.761012999987248
-0.827889899996678
-0.899378999994463
-0.963949799999228
-0.973174199996913
-0.940888800015504
-0.834808199989698
-0.756400799998893
-0.72411539999651
-0.735645900019833
-0.786380099975637
-0.86709359999208
-0.945501000003859
-1.00084740001094
-0.991622999992282
-0.908603399992147
-0.809441100001309
-0.728727600005839
-0.675687300003423
-0.661850699996409
-0.684911700001107
-0.772543499989597
-0.917827800010806
-1.01468399999698
-1.04927550000403
-0.947807100008524
-0.802522800008289
-0.707972699984832
-0.657238500008054
-0.675687300003423
-0.747176400001208
-0.841726500003691
-0.94088879999453
-1.00776570000396
-0.977786400006242
-0.883236299982785
-0.807134999996644
-0.788686200001275
-0.797910599977986
-0.820971599982684
-0.848644799996711
-0.876317999989765
-0.894766800006108
-0.915521700006141
-0.920133899994496
-0.903991200003792
-0.892460700001443
-0.880930199999094
-0.86709359999208
-0.869399700017719
-0.876318000010739
-0.869399700017719
-0.869399699996745
-0.862481400003725
-0.85325700000604
-0.839420400020001
-0.860175300020034
-0.890154599996778
-0.929358299992181
-0.984704699999262
-1.01929620002728
-1.01929619998534
-1.0054595999993
-1.01468399999698
-1.02160229999
-1.04005110000634
-1.07464260001339
-1.10000970000178
-1.13921340001816
-1.231457399995
-1.2775794000044
-1.30064040000909
-1.29141599999044
-1.20147809999728
-1.15766219999255
-1.12537679999017
-1.10000970000178
-1.10923409997849
-1.18994759999493
-1.36982340000221
-1.63041270000497
-1.70882009999577
-1.51280159997681
-1.50588330000477
-1.50588330000477
-1.48974060001406
-1.44823079999302
-1.41133320000228
-1.36982340000221
-1.31908919998349
-1.2706610999904
-1.24298789999735
-1.231457399995
-1.22915129999034
-1.22915130001131
-1.18533540000658
-1.10923409999946
-1.02160229999
-0.938582700010839
-0.887848499992114
-0.841726499982718
-0.915521700006141
-1.04927550000403
-1.17149879999956
-1.19686589998795
-1.10462189999013
-0.970868100013222
-0.878624099994429
-0.850950899980402
-0.880930199999094
-0.931664399996846
-1.05388769999238
-1.18764149999027
-1.29602820002074
-1.36290510000919
-1.24990620001134
-1.10000970000178
-0.961643699994564
-0.874011900006074
-0.844032600008356
-0.885542400008423
-0.954725400001544
-1.13690729999252
-1.32600749999748
-1.37674169999523
-1.22684519998567
-0.982398599994597
-0.786380099996611
-0.721809299991845
-0.749482500005873
-0.857869199994396
-1.02852060000399
-1.22915129999034
-1.33523189999517
-1.30755869998114
-1.18302930000191
-1.07003040000406
-1.03313279999235
-1.04466330001567
-1.07925480002272
-1.12768289999483
-1.16688660001121
-1.19917200001359
-1.22915130001131
-1.24298790001832
-1.231457399995
-1.21762080000896
-1.20378419998097
-1.18072319999725
-1.17380490000423
-1.18072319999725
-1.17149879999956
-1.16227440000188
-1.16458049998557
-1.14151950000185
-1.09309139998778
-1.0608059999854
-1.04466330001567
-1.02852060000399
-1.01699010002262
-1.01699009998067
-1.01237789999232
-1.00084740001094
-1.00545959997832
-0.996235199980637
-0.970868099992248
-0.961643700015537
-0.959337599989899
-0.954725400022517
-0.945501000003859
-0.931664399996846
-0.920133899994496
-0.950113199992215
-1.01237789999232
-1.04235719999003
-1.01468399999698
-0.977786400006242
-0.931664400017819
-0.869399699975771
-0.839420399999027
-0.894766800006108
-1.03774500000168
-1.38135389998359
-1.38135390000456
-1.44823079999302
-1.50818940000943
-1.48512840000473
-1.52202599999547
-1.52433210000013
-1.49435280000242
-1.47359790000238
-1.47359790000238
-1.48282230000007
-1.5266382000048
-1.62118830000728
-1.66269809998638
-1.62580049999564
-1.49435279998144
-1.4182514999953
-1.32139530000913
-1.24990620001134
-1.21992689999265
-1.24068179999268
-1.30986480000678
-1.41825150001628
-1.50127110001641
-1.57967850000722
-1.59120899998859
-1.60504560001658
-1.61196389998862
-1.64194320000732
-1.68345300000738
-1.70190180000275
-1.71573839998879
-1.74571769998651
-1.75032989999584
-1.73188110000047
-1.73418720000513
-1.72496280000745
-1.70420790002839
-1.71573840000977
-1.75724820000983
-1.80106410001456
-1.84026779998899
-1.86563490001933
-1.87485929999604
-1.88177760001003
-1.89330809999141
-1.90483860001473
-1.94404229998916
-1.99016430001953
-1.98555209998923
-1.94404230001013
-1.91406300001242
-1.88177759998906
-1.84257390001463
-1.81259459999594
-1.7756970000052
-1.70882009999577
-1.62580049999564
-1.54739310000483
-1.47821010001171
-1.43439420000698
-1.46206740000003
-1.54739309998386
-1.66961640000037
-1.71343229998413
-1.7134323000051
-1.62580049999564
-1.50127109999544
-1.38366000000923
-1.30755870000211
-1.28219160001373
-1.30525259999745
-1.33984409998352
-1.37674169999523
-1.42978199999765
-1.38135389998359
-1.30525260001842
-1.26143669999272
-1.25451839997872
-1.25913059998805
-1.33061970000681
-1.46898569999305
-1.65347370000966
-1.81028850001225
-1.89792030000074
-1.88177760001003
-1.78492139998191
-1.66500419999104
-1.55892360000718
-1.46898569999305
-1.41594540001161
-1.44361860000466
-1.43439419998601
-1.48974059999309
-1.47821009999074
-1.36982340000221
-1.22453910000198
-1.20147809999728
-1.21762079998799
-1.27988550000906
-1.52202599999547
-1.4643735000047
-1.47129179999772
-1.51280160001876
-1.51971990001178
-1.53355649999782
-1.54508700000017
-1.60273949999094
-1.66039199998171
-1.67884080001903
-1.70651399999111
-1.76647259998654
-1.8149007000006
-1.83334950001695
-1.74571770000748
-1.60273949999094
-1.4643735000047
-1.3167830999998
-1.21300859999963
-1.19455980000426
-1.24529400000201
-1.3559867999952
-1.51741379998614
-1.65577979999336
-1.73418720000513
-1.79875799998893
-1.89561419999607
-1.91636909999611
-1.96018500000084
-2.02936799999396
-2.06626560000567
-2.0893265999894
-2.13544860001977
-2.15389740001513
-2.14236690001279
-2.14467300001745
-2.14236689999181
-2.11699980000342
-2.12853030002675
-2.19079500000587
-2.24614140001295
-2.29226340000138
-2.31993659999443
-2.32685489998745
-2.32685489998745
-2.33377320000144
-2.34299759999913
-2.38450740002017
-2.4467720999993
-2.45830260000164
-2.42601719999926
-2.39834400000621
-2.36836469998752
-2.32916100001309
-2.30379390000373
-2.26920239999668
-2.19310110001054
-2.0939388000197
-1.99247040000322
-1.88638979999839
-1.80337019999825
-1.79645190000524
-1.80798240000758
-1.89792029997976
-1.98093990000087
-1.97402159998688
-1.87255320001235
-1.71573840000977
-1.55431139999785
-1.42978199997668
-1.36751729999755
-1.35598680001617
-1.34676239999752
-1.2937220999951
-1.30755869998114
-1.31678309997882
-1.25913060000903
-1.17841710001356
-1.16458050000654
-1.23837569998802
-1.37212950000688
-1.55431139999785
-1.7987580000099
-2.08240829999638
-2.30840610001305
-2.35452810000148
-2.26920240001765
-2.11238760001507
-1.9002264000054
-1.70420790000742
-1.49665889998611
-1.3098647999858
-1.15535610000886
-1.07925480000175
-1.00084740001094
-0.86478750000839
-0.744870299996544
-0.654932400003389
-0.71027880001047
-0.850950900001376
33.9342614999919
31.9417911000097
30.1707063000138
28.182848099999
25.8075650999975
23.4645675000193
21.5089947000068
20.1968237999954
19.0829775000076
18.1397825999874
17.7316029000007
18.0429264000012
18.5525745000044
18.6886343999859
18.338107200011
17.4548709000072
16.2949025999891
15.1280159999988
13.9426805999922
12.5774693999994
10.8294456000292
8.73089460002111
6.48475319998718
4.48075229998161
2.94719580002574
2.07548999998238
1.66961640000037
1.52433209997916
1.74571769998651
2.60128079999721
3.95726759999242
5.56000710000433
7.44870300000738
9.82167990000423
12.3676142999944
14.6598776999957
16.449411300008
16.8483665999969
15.0934244999918
11.8602722999959
8.83928130000963
6.95980980000426
5.66608770000916
4.23399959998587
2.01091919999859
-0.336690600009866
-1.79183969999591
-2.43985380000628
-2.41909890000624
-2.21616209999426
-2.01783749999161
-1.88177760001003
-1.83104339999131
-1.89561420001705
-2.0316741000196
-2.14006079998715
-2.20924380000124
-2.24844749997567
-2.10777539998476
-1.79645190000524
-1.21531470002527
-0.329772300016846
0.666462900005738
1.40672099999295
1.81720680000527
2.01091919999859
1.94634839999383
1.59812730002356
1.07233650000873
0.638789700012685
0.362057699998255
0.152202600014229
-0.267507599995772
-1.12307070000648
-2.02014359999627
-2.52056730000175
-2.94258359999544
-3.17319360000047
-3.23545830000057
-3.10862280001668
-2.75348340001144
-2.21616210001524
-1.62118829998631
-1.08847919999943
-0.654932400003389
-0.357445499988926
-0.292874699984161
-0.481974900010101
-0.809441100001309
-1.15074389999953
-1.45514909998604
-1.76186039997721
-2.08932660001037
-2.42832330000393
-2.74887120000211
-3.00254219999087
-3.10631670001201
-3.06711299999564
-2.7119735999904
-2.27381460000601
6.29795910000785
6.85372919999943
7.2065625
7.59629339999131
7.99524870000127
8.17973669999691
8.03214629999201
8.09441100001309
8.83697520000497
9.95543370000211
10.9332200999874
11.6550294000002
12.3583898999967
13.0156283999838
13.6267449000034
14.2862894999742
15.441645600004
17.1573839999928
18.5687171999951
18.6240635999812
18.142088700013
18.4303511999879
18.9907335000097
18.4833915000112
16.8875702999923
15.0173232000056
13.4906850000218
12.6512646000018
12.2799825000059
11.9594346000077
11.3598486000114
10.3636134000098
9.40888799998725
8.59022250000923
7.69084350001477
6.67615949999681
5.79061710000936
5.24176530001081
4.7667087000147
3.95957369999708
2.72350410001373
1.3951904999906
0.168345299983959
-0.802522799987315
-1.45284300000235
-1.79183969999591
-1.87024709998671
-1.82643119998198
-1.86102269998903
-1.98093990000087
-2.10777540000574
-2.20693770001755
-2.25075360002228
-2.0870205000057
-1.8771654000007
-1.68575909999107
-1.6119639000096
-1.59812729998161
-1.70882009999577
-1.8564104999797
-1.95096060000315
-2.00400090000557
-1.84026779998899
-1.44592470000933
-1.05388769999238
-0.721809299991845
-0.442771199993725
-0.154508699997919
0.172957499993288
0.560382300000906
0.917827799989832
1.21762080000896
1.41363929998597
1.40902709999762
1.39519050001158
1.49896499999077
1.78722749998658
2.1100815000104
2.20924380000124
2.20693769999658
2.17695840001983
2.51364900000873
3.24468269999825
3.96649200001107
4.46460959999091
4.94197230001265
5.73527070002326
6.69460829999218
7.39105050001661
7.62857880001467
7.70929230001013
8.02522800001997
8.44032599999966
8.57407979999755
8.50720289998812
8.61558959999762
8.96842289999819
9.24515489997067
9.3812147999942
9.31895009999409
-2.46291480001097
-2.46060869998534
-2.51134290000406
-2.52517950001107
-2.48828189999936
-2.43754770000161
-2.4237110999946
-2.38911960000852
-2.27381459998503
-2.17695839999886
-2.05934729999168
-1.94865449999849
-1.88638979999839
-1.86102269998903
-1.74802379999117
-1.64655539999567
-1.45053689999768
-1.20609029998564
-1.04005110000634
-0.963949799999228
-0.903991200003792
-0.915521700027115
-1.12307070000648
-1.48512840002571
-1.80798240000758
-1.85871659998436
-1.65808589999802
-1.43670029999067
-1.30064040000909
-1.26143670001369
-1.32831360000215
-1.48974059999309
-1.7134323000051
-1.93943010000081
-2.11469369999876
-2.12853030000577
-2.01553140000792
-1.85179829999134
-1.77800310000987
-1.7756970000052
-1.83565560000064
-1.90945080000309
-1.94173620000547
-1.93943010000081
-1.90714469999842
-1.77339090000054
-1.65347370000966
-1.58659680000023
-1.651167600005
-1.77108479999587
-1.84949220000765
-1.77108479999587
-1.56814800000487
-1.37674169999523
-1.21070249999497
-1.05849990000171
-0.945501000003859
-0.957031500006208
-1.06541820001571
-1.20609030000661
-1.27296719999507
-1.24068179999268
-1.22684520000664
-1.3167830999998
-1.4643735000047
-1.6281066000003
-1.86563489999836
-2.06395950000101
-2.17926450000352
-2.28303900000369
-2.34530370000379
-2.36605859998285
-2.40987449998758
-2.41909889998527
-2.40526229999923
-2.39142569999221
-2.40295619999456
-2.40987450000856
-2.40756839998292
-2.43293549997131
-2.48366969999003
-2.52748560001574
-2.5643831999855
-2.60589299998557
-2.64048450001359
-2.67738210000433
-2.69352479999503
-2.68199429999268
-2.69121869999037
-2.7350345999951
-2.77193219998584
-2.81574809999057
-2.89184939999768
-2.93335919999775
-2.89184939999768
-2.79038099998121
-2.65201499999497
-2.44907819998299
-2.21154990000591
-1.94865449999849
3.79814670000614
3.46606829998463
3.4107219000195
3.694372199985
4.12100069998802
4.60066949999346
5.17258229999671
5.91514649998859
6.74534250001091
7.42333589999802
7.7900058000056
7.75310819999389
7.28958210002111
6.6853838999945
6.23569439998678
5.96126849997701
5.99355390000037
6.43401899998943
6.92291219999255
6.90676950000185
6.18726629999369
4.81052459999846
3.35076330000309
2.44907820000396
2.28303899998272
2.55746489999248
2.96103240001178
3.42225240000087
3.88347239998997
4.25244840000221
4.6652403000192
5.38704960001104
6.55624230000594
8.11977810000148
9.94390319999976
11.9386796999867
13.7512742999826
15.2525453999781
16.1034962999794
16.0896596999934
15.3609321000085
14.3716151999999
13.4284203000007
12.8334464999928
12.2200239000104
11.4797658000232
10.9470566999944
10.7994663000105
10.7003039999987
9.94620930000443
8.27198069999473
6.07887960000517
3.82120769998987
1.85179830001232
0.44738339998208
-0.172957499993288
0.00691830001399376
0.668768999989429
1.56122970001185
2.29226340000138
2.74425900001376
3.03713369999792
3.3484572000194
3.71051490001765
3.90653339999466
3.80737109998285
3.18011189999349
2.05012290001497
0.555770099991577
-0.894766800006108
-1.99016429999856
-2.61511740000423
-2.82266640000456
-2.6105051999949
-2.0870205000057
-1.24298790001832
-0.191406299988657
0.892460699980469
1.84949219998668
2.3614463999945
2.49750630001802
2.6266478999856
3.20778510000752
4.43001810002581
6.24953099999379
8.42879549999732
10.4189597999749
11.7772526999957
12.5267352000016
12.6720195000018
12.0170870999985
10.6126722000102
9.03299370000295
7.81537290001497
7.15352220001856
6.86064750001342
6.53548739998493
5.80906590000473
4.56377190000272
2.82266640000456
-2.81344199998591
-2.84803350001393
-2.87109449999765
-2.92644089998376
-2.90107379999537
-2.69813700000436
-2.34760979998748
-1.89561419999607
-1.47590400000705
-1.18533540000658
-1.15074389999953
-1.81951289998896
-2.88954330001399
-3.5513940000104
-3.42455849998456
-2.57360760002513
-1.35829289999987
-0.207549000021309
0.422016300014665
0.465832199998423
0.189100199983993
-0.299792999998154
-0.922440000020135
-1.32831360000215
-1.55661750000252
-1.51971989999081
-1.41133320000228
-1.35829289999987
-1.51510770000245
-1.76647260000752
-1.99247040000322
-2.83419689998594
-3.60212820000815
-4.24783619999289
-4.64448539999819
-4.83589170000782
-4.85664659998688
-4.73211720000765
-4.3700595000094
-3.72435149998272
-2.88493110000466
-1.72265669998181
-0.325160100007517
1.20147809997631
2.8203602999999
4.37467170001873
5.8044536999954
7.37490780000493
9.30050129997775
11.3575425000067
13.2001164000213
14.7636521999959
16.2764537999937
18.0244775999849
20.003111400002
21.8133998999933
23.0125718999859
23.5153016999961
23.2316513999886
22.1823759000056
20.5865546999867
18.8062454999931
16.9498349999715
15.1095671999825
13.5552557999846
12.4736948999992
11.7957015000121
11.3229509999997
10.8179151000058
10.054595999993
8.76548609998621
7.3772139000096
6.69922050000151
7.23884790002336
8.70552750001175
10.3013486999887
11.5766220000094
12.9256904999906
15.1556891999919
17.6370527999982
19.2328739999961
19.7286854999923
19.4196681000174
18.6332879999998
17.3372598000001
15.4093602000016
13.1655248999933
11.7149879999956
11.719600200005
12.3422472000269
13.3615434000123
14.7382851000075
16.6269810000106
19.1406299999983
21.3129762000088
22.3391907000082
22.7173910999971
23.4968529000007
24.7882689000121
26.2641729000192