7.264559111
2.212348601
-1.606403852
-3.698251267
-4.366998427
-4.266501391
-4.031290421
-4.237678046
-4.975088045
-6.117108604
-7.407254499
-8.532788797
-9.507282292
-10.17486665
-10.36893476
-10.02386036
-9.536458304
-9.059849625
-8.493224784
-7.746485413
-7.053589321
-6.832741077
-7.51940964
-9.048822179
-10.70956944
-11.69178083
-11.52229214
-10.04378231
-7.313122419
-3.775842492
-0.519898919
1.378863713
2.39614543
4.133702027
5.564441737
5.301910338
2.423050439
-2.225274301
-5.941330253
-6.89040973
-5.861690168
-4.584284228
-3.975705769
-3.84663326
-3.85473206
-3.789319156
-3.582082495
-3.372670213
-3.256215291
-2.913494726
-3.391763638
-1.675748809
-1.737382774
-2.167703541
-2.555643976
-3.040543477
-3.662818232
-4.289838937
-4.767918529
-4.963601881
-4.926131282
-4.901246266
-4.924702414
-5.012949591
-5.201594029
-5.433009744
-5.585198285
-5.662658358
-5.68991227
-5.779719467
-5.737838015
-5.677746499
-5.415070143
-4.990976905
-4.602947362
-4.467228766
-4.548235593
-4.651609818
-4.667078866
-4.34059418
-3.751906917
-3.191591183
-2.877666979
-2.896725453
-3.35070945
-4.114333558
-4.846159238
-5.242267501
-5.31844931
-5.030539035
-4.601728087
-4.283511005
-3.993455232
-3.717874511
-3.449294427
-3.379995279
-3.625294921
-4.413768904
-5.698587135
-7.05051509
5.56493999
4.975669131
3.88901924
2.026645987
-0.431356806
-2.683096851
-3.942423252
-3.911544773
-2.756577806
-1.264270648
-0.729006851
-1.785720174
-3.575797233
-5.318249759
-6.738278293
-7.602713826
-7.902167997
-7.698857741
-7.167648992
-6.647726228
-6.335156844
-6.443660435
-6.985644993
-7.789900529
-8.696263323
-9.622950302
-10.30623715
-10.58828323
-10.34990704
-9.663619381
-8.894877831
-8.533809148
-8.671141731
-8.86467331
-8.790430543
-8.588893037
-8.388923708
-8.084808303
-7.601522789
-6.999734747
-6.376124624
-5.88402619
-5.673107856
-5.650900476
-5.778695978
-6.021437841
-6.260334875
-6.350580082
-6.268136857
-6.044971174
-5.888353582
-5.730482201
-5.464306154
-5.182383695
-4.926391703
-4.596367793
-4.447493196
-4.567702584
-4.912635164
-5.282302783
-5.485549659
-5.230426786
-4.522507188
-3.834033871
-3.245799679
-2.993090883
-3.675275173
-5.103341012
-6.556914995
-7.448041552
-7.338365123
-6.294467057
-4.645231684
-3.227016688
-2.411128147
-2.156841134
-2.786451622
-4.710531633
-6.70631671
-7.233861359
-6.097874424
-4.212836329
-2.492775675
-1.42052867
-1.260799824
-1.818305513
-2.992334719
-4.936681183
-7.173117847
-9.043552248
-9.926011471
-9.849131856
-8.831892183
-7.333073857
-6.080611919
-5.332687159
-5.363005889
-6.186653113
-7.428880165
-8.533475933
-7.358391863
-8.034935985
-8.681610054
-9.081458348
-9.241671642
-8.960332151
-8.246798112
-7.174336495
-6.080402327
-5.224486662
-4.873275723
-5.052053003
-5.757539699
-6.847334731
-8.006146526
-8.593458888
-8.420061983
-7.478157592
-6.213581969
-4.995720972
-4.22202137
-4.059119144
-4.540213979
-5.463650393
-6.092817852
-5.87862197
-4.497512982
-2.045074428
0.6361819
2.698844518
3.581341391
3.159555552
1.585502974
-0.737598256
-3.199578911
-5.199769194
-6.274135968
-6.494394341
-6.446678189
-6.374201897
-6.553760442
-7.071236497
-7.712806302
-8.244670812
-8.624877036
-8.80069806
-8.722772366
-8.484758255
-8.218512553
-8.027443371
-7.956684607
-8.077628195
-8.322187989
-8.550647448
-8.685830768
-8.712842457
-8.655651348
-8.519496624
-8.263817766
-7.929964088
-7.527870521
-7.152139156
-6.944575555
-6.948436698
-7.205590233
-7.630927219
-7.943854918
-7.595605255
-6.232727668
-3.849238731
-1.255772116
0.434479356
0.957669627
0.627622499
-0.840279697
-3.529255802
-6.640486505
-9.061727171
-10.15899474
-10.0301632
-9.105157348
-7.987748206
-7.219732071
-7.029882791
-7.257234674
-7.718951626
-8.166690524
-8.463027166
-8.56000694
-8.493502149
-8.208085646
-7.827050465
-7.368536385
-6.918010662
-6.643996236
-6.56606615
-6.74818875
-7.139990956
-7.634020276
-8.082695436
-7.36227748
-8.033961443
-8.683319425
-9.083731861
-9.241635246
-8.954806819
-8.249443745
-7.17391229
-6.082446794
-5.230212174
-4.868435645
-5.051183258
-5.755734945
-6.844845978
-8.003685384
-8.594489279
-8.419219848
-7.481401882
-6.21064391
-4.998593141
-4.223458395
-4.061506238
-4.540566018
-5.465298266
-6.095823055
-5.881668589
-4.497730733
-2.048135481
0.634844023
2.702545015
3.580789171
3.159733769
1.584237889
-0.737837342
-3.200997111
-5.202043334
-6.27835731
-6.499522452
-6.448581463
-6.372553396
-6.55336573
-7.070120135
-7.71282199
-8.244043917
-8.623780128
-8.805027335
-8.725090433
-8.482737634
-8.218164279
-8.027038619
-7.957451439
-8.075116224
-8.325618652
-8.549556187
-8.685114138
-8.715154875
-8.655466229
-8.503930938
-8.261634617
-7.932960506
-7.528883341
-7.152380752
-6.944215985
-6.950885917
-7.204323266
-7.63207433
-7.944501893
-7.597954698
-6.233017583
-3.850879702
-1.255686146
0.438910917
0.95865672
0.629154908
-0.838245898
-3.528132537
-6.642108022
-9.061865853
-10.16043364
-10.03149605
-9.10566062
-7.988484916
-7.221402534
-7.029686377
-7.256299038
-7.718174754
-8.168928895
-8.460930614
-8.562030699
-8.492887804
-8.206135308
-7.824714828
-7.367688603
-6.921630837
-6.644151862
-6.571107035
-6.751690323
-7.145015525
-7.633311175
-8.083757203
6.186830701
6.376358062
5.78321853
4.547231558
2.976210539
1.424913167
0.08123148
-1.18146597
-2.485042092
-3.820044521
-5.114758776
-6.262365536
-7.279744519
-7.931130024
-8.209691475
-8.234809302
-8.118070739
-7.906184766
-7.338190672
-6.492451533
-5.922436817
-6.006662833
-6.809312539
-7.95365995
-8.616737447
-8.085797278
-6.321026302
-3.836798734
-1.408839189
0.217203595
0.882417805
0.492795612
-1.178566191
-3.803919713
-6.601898289
-8.759636152
-9.580234873
-8.98061994
-7.547308645
-6.102637945
-5.402864838
-5.531152945
-6.25019851
-7.175696335
-7.866159524
-8.081462983
-7.827652886
-7.301745444
-6.678321067
-6.086833801
-5.583652071
-5.228664077
-5.072621922
-5.093279322
-5.190866538
-5.377891969
-5.700392516
-5.961250941
-6.130708891
-6.262854376
-6.166212836
-5.886482939
-5.661614161
-5.553810885
-5.527573559
-5.486091838
-5.421566251
-5.368742696
-5.229912846
-5.110776521
-5.073595837
-5.061573768
-5.042793287
-5.039186918
-5.08483915
-5.196264483
-5.394290376
-5.738752315
-6.262580776
-6.85717867
-7.368085824
-7.572619121
-7.371895511
-6.90013946
-6.396554861
-5.935350594
-5.560554238
-5.319156528
-5.150233228
-5.163845437
-5.223738028
-5.321913232
-5.466998851
-5.62735271
-5.775746625
-6.050088617
-6.292448318
-6.533790806
-6.647748191
-6.407483159
9.808654798
8.382832352
6.486392807
4.361110387
2.337792777
0.505545605
-0.783734936
-1.54378907
-1.789912021
-1.891472707
-1.879828407
-1.927517577
-2.189096397
-2.778596928
-3.665876148
-4.608375428
-5.368980527
-5.738002426
-5.747191232
-5.547163544
-5.442883805
-5.615934945
-6.096264203
-6.821942677
-7.560524888
-8.091786349
-8.473307232
-8.848925016
-9.125812238
-9.034938253
-8.345520516
-6.989001609
-5.096560007
-3.072387086
-1.261493863
0.301696308
1.356975115
1.358376372
-0.255936142
-2.89401142
-5.063227289
-5.919215746
-5.918041025
-5.766171265
-5.867246877
-6.138229116
-6.318203707
-6.329486555
-6.241977971
-6.109845664
-5.992345289
-5.841335862
-5.686145882
-5.486623977
-5.372571837
-5.300320825
-5.336043147
-5.452824382
-5.640030539
-5.844191715
-5.961104729
-5.928675642
-5.688449516
-5.275320344
-4.802574064
-4.440975124
-4.292050953
-4.358755924
-4.623128473
-5.024936518
-5.54402656
-5.917010006
-5.996245966
-5.900356825
-5.600043576
-5.286574954
-5.176948098
-5.222213777
-5.397587377
-5.586826706
-5.573353178
-5.296042379
-4.83519329
-4.415345867
-4.174445782
-4.177062549
-4.438515237
-4.777271745
-5.061898825
-5.165859155
-5.055963093
-4.941038697
-4.857775927
-4.884344585
-5.003434474
-5.260672724
-5.41732483
-5.433134621
-5.35010278
-5.26980568
9.805815888
8.383671349
6.488720287
4.362623343
2.339692287
0.502510281
-0.782633634
-1.544592926
-1.788505744
-1.889012821
-1.876304871
-1.928115605
-2.189022977
-2.778952733
-3.66237834
-4.610989058
-5.365605086
-5.745245286
-5.744915209
-5.549012224
-5.444243017
-5.617250232
-6.099651567
-6.818410983
-7.561153037
-8.09338151
-8.471715209
-8.85068898
-9.125271941
-9.034672811
-8.3441544
-6.985892237
-5.09812693
-3.075705422
-1.253344861
0.300104284
1.360826218
1.357317742
-0.256509697
-2.895220655
-5.066662972
-5.918805347
-5.916843086
-5.765943475
-5.864953283
-6.141940281
-6.322933341
-6.330651236
-6.238800827
-6.110650774
-5.99387456
-5.842348055
-5.687476857
-5.487617345
-5.374347096
-5.300069816
-5.336433467
-5.455084089
-5.64036438
-5.842307893
-5.961810064
-5.932523607
-5.690962114
-5.276378974
-4.802286031
-4.441386151
-4.290196625
-4.357562377
-4.623085174
-5.023004378
-5.534093514
-5.918500999
-5.994550401
-5.898700167
-5.600140214
-5.287999428
-5.177678534
-5.225252239
-5.397749906
-5.585200168
-5.569666486
-5.293960261
-4.833763167
-4.41557052
-4.17358796
-4.176141347
-4.433693358
-4.777705363
-5.062513169
-5.163635844
-5.053662597
-4.939105301
-4.860370104
-4.884237907
-5.00319476
-5.258542914
-5.41725643
-5.432436816
-5.350847649
-5.268851219
-5.452422141
-6.30990159
-7.483169611
-8.952630572
-10.48225898
-11.26274461
-10.90270506
-9.265048095
-6.899307993
-4.946232697
-4.244465325
-4.620224928
-5.566915429
-6.954381215
-8.802317067
-10.43760953
-11.26080807
-11.03524588
-9.65997034
-7.839285263
-6.427518684
-5.817109116
-5.957062232
-6.761336593
-7.8633294
-8.532914929
-8.067645574
-6.273999168
-3.586728041
-0.720542205
1.471555002
2.610827641
3.354264363
3.982791121
3.922527037
2.998865342
1.505665848
0.114704764
-0.429998221
-0.380804253
-0.963142875
-2.423704945
-4.113384744
-5.490886107
-6.159772577
-6.241676133
-6.230489924
-6.5232773
-7.033573248
-7.600693832
-8.074483054
-8.422663689
-8.605565044
-8.583778105
-8.378039965
-8.084109244
-7.855713164
-7.571134404
-7.216321488
-6.873556369
-6.712674765
-6.692552014
-6.848215772
-7.090542842
-7.387311219
-7.652800757
-7.90245854
-7.989650852
-7.776175993
-7.259067666
-6.538451413
-5.845084051
-5.457854599
-5.437697962
-5.741770068
-6.150595066
-6.455358074
-6.502778037
-6.352123787
-5.894064033
-5.487706453
-5.146002474
-5.019595677
-5.256765144
-5.973455619
-6.983638805
-7.816450361
-8.042629405
-7.652337646
-6.704075829
-5.713847845
-4.886375247
-4.320042831
-4.068045646
-4.336328285
-5.208339891
-6.131880474
-7.007136998
-7.533728439
-7.568265373
-6.707979644
-6.829723951
-7.129709633
-7.301404071
-7.187299219
-6.754141425
-6.147948805
-5.608693968
-5.075684858
-4.656274817
-4.523848202
-4.608763237
-4.882930778
-5.370192272
-5.770575215
-5.484875073
-4.002059187
-1.362012235
1.373483339
2.66732722
2.490912561
2.123697299
1.498805776
-0.025050682
-1.996504845
-3.75228845
-4.699829871
-4.804122788
-4.160620215
-3.371974292
-3.151695838
-3.414812715
-3.830547986
-4.486947393
-5.548898015
-6.719756979
-7.483825999
-7.427557976
-6.712221066
-6.035046285
-5.884847616
-6.434194892
-7.312847565
-8.166885056
-8.639315065
-8.621937096
-8.240625177
-7.786392681
-7.426049413
-7.178458688
-7.051901914
-6.996985573
-6.965513457
-6.944140682
-6.944894336
-7.007519159
-7.05108488
-7.137991043
-7.38789607
-7.927196716
-8.638864504
-9.278620771
-9.305048863
-8.725347717
-7.89847503
-7.306990901
-7.101519458
-7.159757274
-7.182374425
-7.059936079
-6.739274171
-6.348131491
-6.053234385
-5.951853798
-5.987582396
-6.003284254
-5.905689508
-5.947978222
-6.393065839
-7.27615321
-8.210652212
-8.70370448
-8.470172759
-7.547692061
-6.315155832
-5.23734459
-4.553665542
-4.431537819
-5.095697792
-6.05096401
-6.51780468
-6.277894198
-5.605148468
-4.804864519
-4.508510935
-4.513987948
-4.50851972
-4.719128058
-5.509616387
-6.557209931
3.488962608
-0.237946966
-2.99988632
-4.742538397
-5.768520708
-6.338713012
-6.817609637
-7.319517497
-7.919262954
-8.560630697
-9.150770674
-9.548679297
-9.657164689
-9.487221665
-9.163333039
-8.718247304
-8.18185585
-7.611442658
-7.085583535
-6.756787058
-6.624527991
-6.586827091
-6.477402298
-6.072737772
-5.174885433
-3.619051704
-1.227059215
2.289776669
6.643008516
9.844756144
9.448492256
6.145576772
2.276046486
-0.872418868
-3.25812484
-5.044801985
-6.208441935
-6.742663418
-6.883023795
-7.0352594
-7.388472135
-7.868325103
-8.268774563
-8.428059124
-8.232261562
-7.770851468
-7.192267311
-6.637364582
-6.16157231
-5.767741953
-5.461631027
-5.19793432
-4.90526931
-4.557462678
-4.16196374
-3.790752417
-2.828416535
-2.244592569
-2.185268512
-2.640561521
-3.393509595
-4.193684982
-4.884909983
-5.208240115
-5.251251107
-5.071168581
-4.929662976
-4.851929932
-4.929430793
-5.274588026
-5.829669598
-6.488052603
-7.201456117
-7.579042437
-7.423745152
-6.786193998
-5.783586886
-4.846280978
-4.388698768
-4.683747735
-5.785684692
-7.21913969
-8.311948083
-7.871413767
-6.844259872
-5.742400101
-4.93681108
-4.537520026
-4.512454284
-4.753154189
-5.027834415
-5.28583636
-5.543734136
-5.697988479
-5.66852569
-5.626175478
-5.57888353
-5.491187945
-5.55152294
-5.853583211
5.445717694
3.755532739
1.976335846
-2.639184737
-5.69148233
-7.662765808
-8.454363595
-8.252465891
-7.5228083
-6.715032365
-6.214923611
-6.215550505
-6.894364374
-7.859383541
-8.729928
-9.367951051
-9.74871075
-9.70950317
-9.231474408
-8.453323791
-7.750723697
-7.217218217
-7.091455259
-7.337201697
-7.762488481
-8.399606017
-8.922668275
-9.177614186
-9.021646707
-8.419458934
-7.632307768
-6.830700375
-6.342734174
-6.526995997
-7.32273041
-8.139730919
-8.406226376
-7.674121448
-6.011103179
-3.756741975
-1.654717406
0.072618739
1.525865156
2.289814948
1.97036855
0.735858137
-1.247313746
-3.018867608
-3.972447047
-4.086826127
-3.949386865
-3.856283295
-3.981638364
-4.466234144
-5.353285572
-6.445324623
-7.333033695
-7.934052395
-8.118685711
-7.952495269
-7.573385325
-7.021080538
-6.448589621
-6.013374182
-5.921201226
-6.022376614
-6.13303637
-6.292796593
-6.348016027
-6.324125633
-6.356513304
-6.371649137
-6.359049121
-6.340416734
-6.423154895
-6.733075508
-7.17668029
-7.545025092
-7.693489917
-7.558923451
-7.152073266
-6.589115036
-5.953062405
-5.417309141
-5.175188526
-5.336053816
-5.478943107
-5.387412734
-5.041216951
-4.553631656
-4.02889015
-3.528376644
-3.195311761
-3.039227563
-2.927971033
-2.757550465
-2.599601271
-2.546436972
-2.505832527
-2.5652915
-6.623608044
-6.867530275
-7.112173528
-7.362155741
-7.51378265
-7.613816574
-7.46531096
-7.029798076
-6.513548826
-6.144174888
-6.09781481
-6.407968861
-6.979502808
-7.502529296
-7.681468476
-7.530642286
-7.244819777
-7.014061077
-6.933354832
-7.053144408
-7.39301916
-7.909673161
-8.40705596
-8.690430505
-8.835837415
-8.798103884
-8.633272655
-8.354313982
-8.108597038
-7.994598237
-7.876012877
-7.499206566
-6.805760137
-5.878091086
-4.846148571
-3.873099004
-3.005117972
-2.175272713
-1.404147833
-0.788866811
-0.34975195
-0.018122838
0.467648291
0.975038184
0.69183558
-0.60464264
-2.090822044
-3.021128571
-3.453217695
-3.734866554
-4.147288508
-4.818909719
-5.738203233
-6.705461398
-7.421429595
-7.729164548
-7.718193579
-7.5225347
-7.243311841
-6.974461922
-6.807249875
-6.678503676
-6.506946666
-6.294745676
-6.147181973
-6.22300233
-6.542525286
-7.048970131
-7.643776989
-8.212331461
-8.628656602
-8.863626603
-8.970867619
-8.950641327
-8.736404656
-8.365490779
-7.983139683
-7.798924297
-7.802207492
-8.1635435
-8.88393008
-9.613061809
-9.810868069
-9.144287743
-7.585283144
-5.226000245
-2.869560649
-1.136263671
-0.16403553
-0.040548595
-0.959899841
-2.621434647
-4.218460809
-5.13971533
-5.334990793
-5.14965779
-4.935252315
-4.952404377
-5.190403427
-5.588586277
-7.433483667
-6.859209332
-6.644870374
-6.807913793
-7.154767846
-7.439548041
-7.477537601
-7.518556838
-7.645595548
-7.802176744
-7.942769304
-8.131023423
-8.352561941
-8.326872441
-7.724596187
-6.405877329
-4.439384356
-1.966879527
0.731741593
3.170513343
4.889056021
5.807870108
5.878957694
5.027367539
3.396772082
1.49089084
-0.21107898
-1.546059445
-2.58230488
-3.459429536
-4.353411946
-5.261026019
-6.072902183
-6.654916376
-6.949315857
-6.924027344
-6.658908671
-6.36045226
-6.170271649
-6.089314396
-6.030949193
-5.92492557
-5.705062536
-5.3479805
-4.84315027
-4.248236105
-3.660518992
-3.279805729
-3.044351281
-3.176056873
-3.860383524
-4.920120875
-5.788152109
-5.872036125
-4.995199501
-3.512593835
-2.106142996
-1.364585703
-1.360170458
-1.965081676
-3.254942676
-5.026106219
-6.73328259
-7.642323021
-7.513233567
-6.667025042
-5.530127574
-4.70498873
-4.476755179
-4.789948319
-5.395448782
-5.951024214
-6.171218579
-5.999076718
-5.591924067
-5.161776497
-4.830962536
-4.645534149
-4.647665842
-4.797115249
-4.979073438
-5.119595089
-5.24487862
-5.39547953
-5.069468624
-4.857085653
-4.86287831
-5.193602534
-5.74791602
-6.370968275
-6.862116641
-7.11393561
-7.101944291
-6.852251367
-6.502678888
-6.203522162
-6.012909188
-5.903791253
-5.85967394
-5.73117624
-2.515624382
-2.51848149
-2.75534849
-3.068350236
-3.415363052
-3.600245494
-3.578665009
-3.424999281
-3.214479423
-3.01926483
-2.877097817
-2.720222313
-2.703718482
-2.798689558
-3.002747193
-3.181811878
-3.302454256
-3.286591125
-3.163304997
-2.936917615
-2.691007394
-2.545121057
-2.572317865
-2.812602978
-3.202766096
-3.753114269
-4.261980094
-4.625774734
-4.50575674
-4.126553923
-3.553609934
-3.199444622
-3.052682892
-3.069128991
-3.165287339
-3.276617916
-3.350878254
-3.310581295
-3.2384401
-3.10793182
-3.017022693
-2.895464133
-2.86356844
-2.857416841
-2.892116303
-2.85966588
-2.849444801
-2.747311814
-2.676591957
-2.688309049
-2.838800771
-3.042168759
-3.198872322
-3.283413981
-3.315883229
-3.308231224
-3.267604189
-3.191761241
-3.171956016
-3.181186239
-3.28388023
-3.407386619
-3.609623812
-3.761907109
-3.838883362
-3.797798235
-3.660997791
-3.471034929
-3.273340369
-3.09578362
-3.055715706
-3.153788624
-3.309911729
-3.484157044
-3.661729481
-3.809964006
-3.841089102
-3.778640613
-3.555779906
-3.330079034
-3.263460033
-3.426475213
-3.759975596
-4.175340001
-4.50767382
-4.716356921
-4.517273653
-4.172595847
-3.728528581
-3.389384265
-3.315043604
-3.512883123
-3.907157766
-4.311453309
-4.571014646
-4.61884689
-4.38455273
-3.920937523
-3.378503659
-3.125030541
-3.176735225
-3.129935254
-3.411419703
-3.929332514
-4.611641681
-5.203799141
-5.432251697
-5.101712592
-4.260863105
-3.340997291
-2.747630595
-2.621059389
-2.818563183
-3.143128279
-3.507800822
-3.647395622
-3.58451979
-3.497065801
-3.282950242
-3.111082608
-2.947357701
-2.831990274
-2.838889252
-3.080114393
-3.620300473
-4.079127058
-4.298583458
-4.106014497
-3.509495131
-2.959820917
-2.658860693
-2.755088696
-3.342815222
-4.498579142
-5.769445048
-6.535409813
-6.413422655
-5.519050554
-4.395245079
-3.615856361
-3.405738746
-3.529107079
-3.85211592
-4.288314686
-4.645148223
-4.678895734
-4.464179636
-4.285523468
-4.567574569
-5.216172622
-5.734583058
-5.701804441
-5.043130894
-4.139497822
-3.385225048
-3.041595204
-3.152617668
-3.763948438
-4.785462164
-5.740574639
-6.083760198
-5.591773462
-4.523928525
-3.482506034
-2.912844613
-2.814382003
-2.964597615
-3.239055072
-3.65195959
-4.078104197
-4.39909932
-4.614279156
-4.774536377
-4.962467321
-5.188849682
-5.375925315
-5.551898198
-5.838026938
-6.335132999
-6.909498325
-7.464625706
-7.871057962
-8.117122553
-8.168972822
-8.040081038
-7.862883859
-7.806859941
-7.916459813
-8.064133333
-8.13051011
-8.222009107
-8.414766951
-8.581058424
-8.449321455
-7.856543376
-6.838113294
-5.51192755
-4.021518647
-2.233278345
-0.263450719
-4.444874547
-4.754345226
-5.058631317
-5.275236884
-5.267287434
-4.942712926
-4.581204349
-4.219045032
-4.060439451
-4.119526931
-4.310832062
-4.56773647
-4.747023925
-4.848986226
-4.887209224
-4.689916277
-4.446843711
-4.186412628
-4.025935148
-4.015497573
-4.178293748
-4.432544993
-4.680865526
-4.803121263
-4.724376025
-4.488025476
-4.189090265
-3.973949335
-3.896471064
-3.95556231
-4.113508366
-4.29937037
-4.443601304
-4.583760874
-4.640182641
-4.581668715
-4.576482873
-4.508504032
-4.492731264
-4.609301651
-4.780115048
-4.880632792
-4.828062129
-4.650826671
-4.388735792
-4.14442638
-3.883239133
-3.753392889
-3.680557654
-3.710069391
-3.847963606
-4.014892642
-4.162671585
-4.298048809
-4.483318433
-4.645290671
-4.782831591
-4.825416496
-4.747441855
-4.664217364
-4.604336697
-4.634705628
-4.704363091
-4.890491792
-5.191565598
-5.422152357
-5.478570986
-5.328279444
-5.02044597
-4.736047309
-4.547956974
-4.414758506
-4.318000874
-4.42330975
-4.791663337
-5.275442711
-5.565505387
-5.37949968
-4.771078102
-4.251408857
-4.18944356
-4.556348826
-5.203143381
-6.083464007
-7.08787399
-7.763970689
-8.021714094
-7.730356213
-6.952054363
-6.027167745
-5.363337221
-4.829639092
-4.523703872
-4.557950263
-5.13907463
-6.041671035
-6.644154999
-6.217241677
-4.962427787
-3.843643744
-4.17956448
-4.429608189
-4.693444206
-4.867951198
-4.849946334
-4.595561427
-4.221640464
-3.883945096
-3.759363134
-3.785041338
-3.950508875
-4.146354128
-4.305862087
-4.434097482
-4.435661895
-4.280957618
-4.11468497
-3.953339627
-3.853512157
-3.853820898
-3.973834499
-4.153245575
-4.305400858
-4.312152368
-4.181730686
-3.900979183
-3.641091535
-3.468303326
-3.401714446
-3.429245723
-3.533930214
-3.653833371
-3.736705194
-3.832872328
-3.857094053
-3.798421365
-3.788978412
-3.756135161
-3.760220329
-3.844365395
-3.95654752
-4.005031759
-3.935667349
-3.776829584
-3.59346198
-3.437877917
-3.261366619
-3.189352811
-3.141447775
-3.179803808
-3.299009787
-3.416943153
-3.515871383
-3.625067758
-3.757909793
-3.891777827
-4.037203562
-4.10145304
-4.07987632
-4.032586255
-4.037657261
-4.161545183
-4.262469561
-4.445426766
-4.64570107
-4.810372909
-4.841701321
-4.714225228
-4.491114767
-4.368063332
-4.294617518
-4.25540429
-4.29275315
-4.465988155
-4.784480719
-5.106844468
-5.195082232
-4.926733076
-4.5007146
-4.307648642
-4.43800569
-4.802654387
-5.31096862
-5.919129776
-6.369564508
-6.497735896
-6.347945117
-5.922677786
-5.34234849
-4.95377865
-4.744693308
-4.721454283
-4.911496211
-5.411760591
-6.112976999
-6.55635148
-6.302941742
-5.314173375
-4.313774513
-3.911558578
-4.568106708
-4.642728498
-4.832993198
-5.05821025
-5.243269654
-5.285446668
-5.071904665
-4.686153654
-4.260581975
-4.030677333
-4.051067408
-4.248525393
-4.513652223
-4.915976092
-5.183685803
-5.188249144
-4.995350734
-4.751738499
-4.503835895
-4.419978235
-4.569885106
-4.968253075
-5.49819423
-5.959224045
-6.201908175
-6.029707327
-5.587284796
-5.121523464
-4.911371962
-5.084600064
-5.563360517
-6.12444371
-6.631470268
-6.794434618
-6.503853609
-5.82275807
-5.070628285
-4.407968717
-4.019474808
-3.971710336
-4.211104368
-4.507149212
-4.564953409
-4.35778703
-4.016838588
-3.71778352
-3.50975116
-3.424474673
-3.412433779
-3.497783059
-3.657821902
-3.81490386
-3.956111392
-4.104960888
-4.242025519
-4.309707542
-4.370562125
-4.445062176
-4.527100649
-4.59237738
-4.526552823
-4.450574957
-4.429452564
-4.56135457
-4.934733982
-5.41435414
-5.755124994
-5.764986503
-5.389499872
-4.708100613
-4.121117699
-3.809033391
-3.963277694
-4.802997014
-6.274153539
-7.949404095
-9.263793678
-9.699564474
-9.169084278
-7.818966725
-6.312480706
-5.211557825
-4.787624605
-4.961206002
-5.457350699
-5.880425468
-6.195277777
-6.266921975
-6.122067911
-5.869074221
-5.629234649
-5.334304911
-5.093537234
-5.037040792
-5.131868166
-5.366792358
-5.76645114
-6.053668003
-6.207902893
-6.106574391
-3.357170418
-3.382259379
-3.400461285
-3.40942732
-3.434083919
-3.384723031
-3.276152295
-3.311193129
-3.308071207
-3.335042734
-3.458326352
-3.67426298
-3.970870712
-4.372991263
-4.778217421
-4.978454074
-4.731748782
-4.100773433
-3.376255875
-2.964020295
-2.947975182
-3.231128212
-3.864643771
-4.676888291
-5.187179846
-5.180151598
-4.774948659
-4.120276192
-3.518485013
-3.266225523
-3.336093206
-3.588085371
-3.997581817
-4.550446354
-4.866112558
-4.96150784
-4.687826001
-4.235378805
-3.900728174
-3.807165257
-3.992604939
-4.256899048
-4.463190034
-4.489976442
-4.384835742
-4.219621725
-4.082630514
-4.080429794
-4.274439546
-4.656950031
-4.963155085
-4.927578975
-4.695265275
-4.149545078
-3.670772075
-3.357877635
-3.253173063
-3.485094562
-4.141921312
-4.954495281
-5.370688643
-5.059332259
-4.371391709
-3.779739404
-3.501544426
-3.516448076
-3.654017235
-3.872268792
-4.063936631
-4.118571215
-4.036421042
-3.972652874
-3.86793136
-3.858810326
-3.831858252
-3.774264902
-3.725781289
-3.732252925
-3.856064289
-4.050622495
-4.25455086
-4.432679282
-4.52719164
-4.557899434
-4.548832367
-4.525034847
-4.481207448
-4.428631765
-4.41095886
-4.386367524
-4.42779214
-4.529581872
-4.609508106
-4.668110512
-4.670028219
-4.659061015
-4.610060325
-4.57944164
-4.525038612
-4.614431017
7.264559111
2.212348601
-1.606403852
-3.698251267
-4.366998427
-4.266501391
-4.031290421
-4.237678046
-4.975088045
-6.117108604
-7.407254499
-8.532788797
-9.507282292
-10.17486665
-10.36893476
-10.02386036
-9.536458304
-9.059849625
-8.493224784
-7.746485413
-7.053589321
-6.832741077
-7.51940964
-9.048822179
-10.70956944
-11.69178083
-11.52229214
-10.04378231
-7.313122419
-3.775842492
-0.519898919
1.378863713
2.39614543
4.133702027
5.564441737
5.301910338
2.423050439
-2.225274301
-5.941330253
-6.89040973
-5.861690168
-4.584284228
-3.975705769
-3.84663326
-3.85473206
-3.789319156
-3.582082495
-3.372670213
-3.256215291
-2.913494726
5.56493999
4.975669131
3.88901924
2.026645987
-0.431356806
-2.683096851
-3.942423252
-3.911544773
-2.756577806
-1.264270648
-0.729006851
-1.785720174
-3.575797233
-5.318249759
-6.738278293
-7.602713826
-7.902167997
-7.698857741
-7.167648992
-6.647726228
-6.335156844
-6.443660435
-6.985644993
-7.789900529
-8.696263323
-9.622950302
-10.30623715
-10.58828323
-10.34990704
-9.663619381
-8.894877831
-8.533809148
-8.671141731
-8.86467331
-8.790430543
-8.588893037
-8.388923708
-8.084808303
-7.601522789
-6.999734747
-6.376124624
-5.88402619
-5.673107856
-5.650900476
-5.778695978
-6.021437841
-6.260334875
-6.350580082
-6.268136857
-6.044971174
-7.358391863
-8.034935985
-8.681610054
-9.081458348
-9.241671642
-8.960332151
-8.246798112
-7.174336495
-6.080402327
-5.224486662
-4.873275723
-5.052053003
-5.757539699
-6.847334731
-8.006146526
-8.593458888
-8.420061983
-7.478157592
-6.213581969
-4.995720972
-4.22202137
-4.059119144
-4.540213979
-5.463650393
-6.092817852
-5.87862197
-4.497512982
-2.045074428
0.6361819
2.698844518
3.581341391
3.159555552
1.585502974
-0.737598256
-3.199578911
-5.199769194
-6.274135968
-6.494394341
-6.446678189
-6.374201897
-6.553760442
-7.071236497
-7.712806302
-8.244670812
-8.624877036
-8.80069806
-8.722772366
-8.484758255
-8.218512553
-8.027443371
-7.36227748
-8.033961443
-8.683319425
-9.083731861
-9.241635246
-8.954806819
-8.249443745
-7.17391229
-6.082446794
-5.230212174
-4.868435645
-5.051183258
-5.755734945
-6.844845978
-8.003685384
-8.594489279
-8.419219848
-7.481401882
-6.21064391
-4.998593141
-4.223458395
-4.061506238
-4.540566018
-5.465298266
-6.095823055
-5.881668589
-4.497730733
-2.048135481
0.634844023
2.702545015
3.580789171
3.159733769
1.584237889
-0.737837342
-3.200997111
-5.202043334
-6.27835731
-6.499522452
-6.448581463
-6.372553396
-6.55336573
-7.070120135
-7.71282199
-8.244043917
-8.623780128
-8.805027335
-8.725090433
-8.482737634
-8.218164279
-8.027038619
6.186830701
6.376358062
5.78321853
4.547231558
2.976210539
1.424913167
0.08123148
-1.18146597
-2.485042092
-3.820044521
-5.114758776
-6.262365536
-7.279744519
-7.931130024
-8.209691475
-8.234809302
-8.118070739
-7.906184766
-7.338190672
-6.492451533
-5.922436817
-6.006662833
-6.809312539
-7.95365995
-8.616737447
-8.085797278
-6.321026302
-3.836798734
-1.408839189
0.217203595
0.882417805
0.492795612
-1.178566191
-3.803919713
-6.601898289
-8.759636152
-9.580234873
-8.98061994
-7.547308645
-6.102637945
-5.402864838
-5.531152945
-6.25019851
-7.175696335
-7.866159524
-8.081462983
-7.827652886
-7.301745444
-6.678321067
-6.086833801
9.808654798
8.382832352
6.486392807
4.361110387
2.337792777
0.505545605
-0.783734936
-1.54378907
-1.789912021
-1.891472707
-1.879828407
-1.927517577
-2.189096397
-2.778596928
-3.665876148
-4.608375428
-5.368980527
-5.738002426
-5.747191232
-5.547163544
-5.442883805
-5.615934945
-6.096264203
-6.821942677
-7.560524888
-8.091786349
-8.473307232
-8.848925016
-9.125812238
-9.034938253
-8.345520516
-6.989001609
-5.096560007
-3.072387086
-1.261493863
0.301696308
1.356975115
1.358376372
-0.255936142
-2.89401142
-5.063227289
-5.919215746
-5.918041025
-5.766171265
-5.867246877
-6.138229116
-6.318203707
-6.329486555
-6.241977971
-6.109845664
9.805815888
8.383671349
6.488720287
4.362623343
2.339692287
0.502510281
-0.782633634
-1.544592926
-1.788505744
-1.889012821
-1.876304871
-1.928115605
-2.189022977
-2.778952733
-3.66237834
-4.610989058
-5.365605086
-5.745245286
-5.744915209
-5.549012224
-5.444243017
-5.617250232
-6.099651567
-6.818410983
-7.561153037
-8.09338151
-8.471715209
-8.85068898
-9.125271941
-9.034672811
-8.3441544
-6.985892237
-5.09812693
-3.075705422
-1.253344861
0.300104284
1.360826218
1.357317742
-0.256509697
-2.895220655
-5.066662972
-5.918805347
-5.916843086
-5.765943475
-5.864953283
-6.141940281
-6.322933341
-6.330651236
-6.238800827
-6.110650774
-5.452422141
-6.30990159
-7.483169611
-8.952630572
-10.48225898
-11.26274461
-10.90270506
-9.265048095
-6.899307993
-4.946232697
-4.244465325
-4.620224928
-5.566915429
-6.954381215
-8.802317067
-10.43760953
-11.26080807
-11.03524588
-9.65997034
-7.839285263
-6.427518684
-5.817109116
-5.957062232
-6.761336593
-7.8633294
-8.532914929
-8.067645574
-6.273999168
-3.586728041
-0.720542205
1.471555002
2.610827641
3.354264363
3.982791121
3.922527037
2.998865342
1.505665848
0.114704764
-0.429998221
-0.380804253
-0.963142875
-2.423704945
-4.113384744
-5.490886107
-6.159772577
-6.241676133
-6.230489924
-6.5232773
-7.033573248
-7.600693832
-6.707979644
-6.829723951
-7.129709633
-7.301404071
-7.187299219
-6.754141425
-6.147948805
-5.608693968
-5.075684858
-4.656274817
-4.523848202
-4.608763237
-4.882930778
-5.370192272
-5.770575215
-5.484875073
-4.002059187
-1.362012235
1.373483339
2.66732722
2.490912561
2.123697299
1.498805776
-0.025050682
-1.996504845
-3.75228845
-4.699829871
-4.804122788
-4.160620215
-3.371974292
-3.151695838
-3.414812715
-3.830547986
-4.486947393
-5.548898015
-6.719756979
-7.483825999
-7.427557976
-6.712221066
-6.035046285
-5.884847616
-6.434194892
-7.312847565
-8.166885056
-8.639315065
-8.621937096
-8.240625177
-7.786392681
-7.426049413
-7.178458688
-1.672374622
-1.81585002
-1.839847092
-1.822909643
-1.696227993
-1.666084341
-1.648606595
-1.679614345
-1.702958795
-1.699496755
-1.702479995
-1.787403188
-1.820835683
-1.725390199
-1.693940674
-1.691008264
-1.688988898
-1.739206353
-1.857636716
-2.038636052
-2.298421414
-2.414921518
-2.389086434
-2.182638567
-2.020437283
-1.883579734
-1.88153464
-1.986547325
-2.163868126
-2.369437461
-2.605578419
-2.682613031
-2.613539792
-2.553330929
-2.483261184
-2.447190587
-2.450412913
-2.541901242
-2.696216455
-2.889850948
-3.01961185
-3.097063137
-3.12584381
-3.153523182
-3.162667434
-3.166505987
-3.156198309
-3.107855889
-2.939665535
-2.792966557
-2.91154627
-3.282590044
-3.946261177
-4.950114549
-5.947217665
-6.608353609
-6.756131297
-6.2103427
-5.143357468
-3.986752041
-3.136153371
-2.697788398
-2.820918901
-3.622864528
-5.530887503
-8.422666199
-11.25219721
-13.19266747
-13.81322156
-13.07113652
-10.86418963
-7.594145639
-4.451519378
-2.674103204
-2.212256355
-2.492716688
-3.652204324
-5.832095599
-8.265349547
-10.20867252
-11.13256891
-10.89054619
-9.592830496
-7.523342321
-5.222058152
-3.427184313
-2.606931357
-2.516815419
-2.776180969
-3.561376148
-4.853499992
-6.162842414
-7.274479609
-7.652976463
-7.196422135
-6.188376916
-4.961460776
-3.943954407
-3.548060757
-3.718165054
-2.023771308
-2.206276069
-2.254155377
-2.228777756
-2.104548462
-2.048916746
-2.032370243
-2.077188499
-2.159641765
-2.232028948
-2.302151405
-2.345941152
-2.443113576
-2.390627
-2.388799029
-2.372942173
-2.359313648
-2.352734078
-2.440951763
-2.449887049
-2.434230373
-2.410439128
-2.374474582
-2.338207569
-2.286132021
-2.216635204
-2.154009754
-2.117199307
-2.086329613
-2.033682392
-2.020356961
-2.090398466
-2.237209144
-2.416002739
-2.511896273
-2.455194631
-2.258189717
-2.003849364
-1.802176313
-1.687972312
-1.749236039
-2.188002626
-3.080179655
-4.262217925
-5.099975611
-5.165587438
-4.482966393
-3.456635808
-2.612894699
-2.123064757
-1.988632581
-2.222811277
-2.611350367
-3.132985639
-3.550950496
-3.770937152
-3.615482986
-3.261827848
-2.802752764
-2.48717504
-2.270609634
-2.199999593
-2.292052065
-2.477135314
-2.646272599
-2.813425032
-2.858737148
-2.685758799
-2.495400599
-2.269401655
-2.091485335
-2.055738539
-2.093249927
-2.22674584
-2.35101153
-2.47006063
-2.430251256
-2.246940128
-2.103912155
-1.984410612
-1.939316247
-1.970842329
-2.01950102
-2.094960552
-2.189144716
-2.270543745
-2.321436414
-2.332802722
-2.296931677
-2.269112367
-2.245233896
-2.302519761
-2.361840679
-2.374937693
-2.376658358
-2.377226894
-2.40452787
-2.382894673
-2.350058952
-2.301950598
5.56493999
4.975669131
3.88901924
2.026645987
-0.431356806
-2.683096851
-3.942423252
-3.911544773
-2.756577806
-1.264270648
-0.729006851
-1.785720174
-3.575797233
-5.318249759
-6.738278293
-7.602713826
-7.902167997
-7.698857741
-7.167648992
-6.647726228
-6.335156844
-6.443660435
-6.985644993
-7.789900529
-8.696263323
-9.622950302
-10.30623715
-10.58828323
-10.34990704
-9.663619381
-8.894877831
-8.533809148
-8.671141731
-8.86467331
-8.790430543
-8.588893037
-8.388923708
-8.084808303
-7.601522789
-6.999734747
-6.376124624
-5.88402619
-5.673107856
-5.650900476
-5.778695978
-6.021437841
-6.260334875
-6.350580082
-6.268136857
-6.044971174
-5.888353582
-5.730482201
-5.464306154
-5.182383695
-4.926391703
-4.596367793
-4.447493196
-4.567702584
-4.912635164
-5.282302783
-5.485549659
-5.230426786
-4.522507188
-3.834033871
-3.245799679
-2.993090883
-3.675275173
-5.103341012
-6.556914995
-7.448041552
-7.338365123
-6.294467057
-4.645231684
-3.227016688
-2.411128147
-2.156841134
-2.786451622
-4.710531633
-6.70631671
-7.233861359
-6.097874424
-4.212836329
-2.492775675
-1.42052867
-1.260799824
-1.818305513
-2.992334719
-4.936681183
-7.173117847
-9.043552248
-9.926011471
-9.849131856
-8.831892183
-7.333073857
-6.080611919
-5.332687159
-5.363005889
-6.186653113
-7.428880165
-8.533475933
-2.391681237
-2.360678508
-2.337618954
-2.260574928
-2.227918051
-2.127796901
-2.026619631
-1.859169753
-1.785790456
-1.712506543
-1.686593646
-1.686008795
-1.719044069
-1.77994446
-1.916259202
-1.962368898
-1.891206638
-1.865371553
-1.811444187
-1.795202032
-1.830593651
-1.962073963
-2.163567543
-2.430164657
-2.579528721
-2.579563235
-2.403534502
-2.201019317
-2.009725481
-1.931927174
-1.975514232
-2.096093857
-2.231483632
-2.316546134
-2.392968285
-2.264594208
-2.188599399
-2.096654862
-2.002976481
-1.939505131
-1.892089561
-1.854511656
-1.795481907
-1.784119992
-1.772368386
-1.769987567
-1.783228911
-1.794174151
-1.83965005
-1.895667065
-1.987696318
-2.091068032
-2.176233449
-2.281667828
-2.34085132
-2.366195682
-2.347909061
-2.294497518
-2.203348051
-2.129800579
-2.167407978
-2.331555208
-2.697618967
-3.19401781
-3.614360349
-3.727134227
-3.459238141
-2.908408032
-2.310713944
-1.930626321
-1.757786028
-1.801257621
-2.054381208
-2.504424367
-2.906431337
-3.013398753
-2.72553868
-2.233847508
-1.815747733
-1.62314928
-1.58369571
-1.635075964
-1.788736045
-1.968816061
-2.11668474
-2.169434875
-2.128335942
-2.097427969
-2.063691126
-2.080488638
-2.152398905
-2.317041877
-2.478824603
-2.590009596
-2.68542433
-2.741428167
-2.801461951
-2.808146316
-2.786957405
-2.754405952
-2.911031074
-2.888234451
-2.867939759
-2.808593112
-2.780108629
-2.666156265
-2.534726782
-2.331075781
-2.214377379
-2.107902568
-2.06691659
-2.073481098
-2.131969923
-2.228607071
-2.398142833
-2.458826729
-2.372290177
-2.313101666
-2.234080946
-2.195227915
-2.242628424
-2.421565095
-2.688932179
-3.051025606
-3.259288894
-3.264701272
-3.025203699
-2.742391414
-2.454110901
-2.32215681
-2.360540453
-2.527971506
-2.732583243
-2.865416493
-2.963321863
-2.842820677
-2.747704643
-2.638438613
-2.517652533
-2.435877619
-2.383474503
-2.348212782
-2.276933802
-2.265856155
-2.252744081
-2.234034509
-2.210756577
-2.188804599
-2.183372768
-2.205484764
-2.276073469
-2.349659848
-2.393085632
-2.506146288
-2.58003576
-2.632251245
-2.665812382
-2.672229423
-2.666338246
-2.630726994
-2.587729181
-2.490001399
-2.451784676
-2.571465063
-2.899330924
-3.360342542
-3.736446655
-3.803095777
-3.430660158
-2.904533083
-2.463985588
-2.268602819
-2.263386228
-2.363602761
-2.495477157
-2.5666413
-2.569357844
-2.513284979
-2.425266848
-2.330428806
-2.266939258
-2.212560075
-2.174901847
-2.130467635
-2.06976303
-2.047101325
-2.038998759
-2.052860095
-2.072936409
-2.126200485
-2.193739433
-2.262215271
-2.336109763
-2.34566567
-2.434088553
-2.515085968
-2.699329592
-2.770663794
-2.722958309
-2.731529006
-2.004350754
-1.972386034
-1.958654595
-1.905959055
-1.819779563
-1.825510095
-1.807500211
-1.770714865
-1.72918106
-1.711439128
-1.653072671
-1.694960398
-1.746899147
-1.714580504
-1.636268884
-1.63075924
-1.546552677
-1.518757841
-1.572759255
-1.745140202
-1.963626453
-2.119574479
-2.138654288
-2.037639547
-1.89225209
-1.759115119
-1.705040913
-1.769939248
-1.927166791
-2.148338209
-2.382850746
-2.474681703
-2.483669701
-2.386500415
-2.160059695
-1.968469041
-1.80840196
-1.720546984
-1.783255895
-1.989449615
-2.241117979
-2.460288856
-2.506433065
-2.337384261
-1.969412834
-1.60015687
-1.416027454
-1.39014405
-1.462386904
-1.56176193
-1.684025826
-1.668734367
-1.577034563
-1.535826442
-1.501804077
-1.504826223
-1.524884339
-1.56599896
-1.608416943
-1.598845976
-1.667904783
-1.69749245
-1.694157797
-1.746577228
-1.788641289
-1.799562684
-1.803688014
-1.758380291
-1.706636702
-1.652755144
-1.626842247
-1.713961139
-1.814670278
-1.889384941
-1.983148038
-2.092767362
-2.158426254
-2.184059904
-2.181074154
-2.189826205
-2.16278314
-2.102830934
-2.115744084
-2.107357251
-2.135159618
-2.204560424
-2.289880838
-2.34333317
-2.373690179
-2.388148916
-2.406000664
-2.464443679
-2.468186221
-2.409845492
-2.313414799
-2.405649252
-2.726495024
-3.164631578
-3.597885383
-3.773495559
-2.448709818
-2.416396822
-2.375891526
-2.321172855
-2.223665334
-2.212963572
-2.179531077
-2.130869249
-2.087532573
-2.071132911
-2.033861863
-2.086625177
-2.138181764
-2.117476672
-2.054059917
-1.967576704
-1.850852574
-1.803022213
-1.883077717
-2.123689141
-2.423986075
-2.635705755
-2.65992748
-2.520606279
-2.317249586
-2.139882349
-2.064401481
-2.136429722
-2.345472393
-2.629721704
-2.932583948
-3.100094696
-3.104113975
-2.962690575
-2.676841083
-2.418768229
-2.203257688
-2.093105597
-2.173554557
-2.448717348
-2.796951322
-3.121906109
-3.251742941
-3.026440545
-2.539204152
-2.030000093
-1.746732226
-1.694243768
-1.794524936
-1.948301108
-2.128639036
-2.144488989
-2.033453974
-1.969290467
-1.910110741
-1.875019078
-1.880843111
-1.940023464
-2.009178909
-2.03262941
-2.119907066
-2.156208591
-2.155453055
-2.216345916
-2.260968385
-2.26076946
-2.249071821
-2.217185541
-2.172055407
-2.11408617
-2.078307998
-2.066383196
-2.060009454
-2.01722186
-1.959226895
-1.910765874
-1.891597584
-1.893151329
-1.90994382
-1.911005587
-1.996961681
-2.064785525
-2.124376278
-2.149693657
-2.169133036
-2.190775018
-2.206298032
-2.232582423
-2.284158464
-2.357784376
-2.361472324
-2.469735573
-2.538073357
-2.552741686
-2.520950161
-2.446954638
-2.411554234
-2.418144471
-2.563929778
-2.84190324
-3.280277625
-3.467899829
-3.668292735
-3.787305438
-3.764517601
-3.581260441
-3.314490758
-3.06966866
-2.921255292
-2.901561766
-3.009969973
-3.168570535
-3.286200807
-3.403324668
-3.430665178
-3.342271788
-3.270293749
-3.216606724
-3.208795956
-3.192964829
-3.250472208
-3.324819771
-3.357164143
-3.292684992
-3.131535436
-2.860633519
-2.698511931
-2.579862563
-2.528907769
-2.529545959
-2.571375327
-2.634035291
-2.661936806
-2.730745231
-2.66184456
-2.675983888
-2.685585603
-2.69159099
-2.7036733
-2.735170517
-2.789987709
-2.775480026
-2.683246829
-2.568387694
-2.463643589
-2.398353053
-2.324720237
-2.28466613
-2.249962275
-2.28694529
-2.343353878
-2.442853154
-2.498786709
-2.555765715
-2.656630479
-2.789651358
-2.902730212
-2.98070297
-2.98666945
-3.005930613
-3.04654196
-3.201054843
-3.297101493
-3.518340055
-3.576402165
-3.666415189
-3.652079447
-3.533155224
-3.42397391
-3.40488406
-3.418700842
-3.471500551
-3.57434703
-3.768278968
-3.971062106
-4.079866279
-4.019287806
-3.773980634
-3.537492657
-3.483278513
-3.633317791
-3.839361533
-4.044934007
-4.260954096
-4.296835809
-4.150699718
-3.949179783
-3.705640968
-3.518498819
-3.498232992
-3.639279251
-3.921290191
-4.314558915
-4.734339821
-4.897533218
-4.718754055
-4.236201486
-3.669700895
-3.322573242
-3.321983999
-3.730027731
-3.95306289
-4.185348351
-4.334639623
-4.309211172
-4.10056635
-3.781425556
-3.486808953
-3.327416458
-3.35630381
-3.498773289
-3.643700772
-3.789898359
-3.91638485
-3.937626474
-3.82370674
-3.727560314
-3.623596219
-3.560806358
-3.556042838
-3.638546933
-3.758405536
-3.835164666
-3.79302844
-3.63640018
-3.355367547
-3.140386635
-2.987795224
-2.939555091
-2.938804574
-3.010141914
-3.092589532
-3.141125856
-3.215179111
-3.155503014
-3.168733063
-3.168265559
-3.158744166
-3.167692631
-3.220624747
-3.300160035
-3.312667178
-3.229591411
-3.099028536
-2.963793759
-2.872546399
-2.753348577
-2.697901352
-2.65474101
-2.698262805
-2.803433626
-2.889253547
-2.95812096
-3.044117842
-3.149208968
-3.279894209
-3.410308361
-3.48431769
-3.487157227
-3.474831438
-3.523118636
-3.674921251
-3.780489921
-3.951067369
-4.109652871
-4.238584815
-4.252059597
-4.137376169
-3.975127821
-3.925919421
-3.908882197
-3.92942476
-4.012631052
-4.209468418
-4.463887211
-4.660865769
-4.650078037
-4.386997556
-4.084978702
-3.985444285
-4.149010429
-4.43657996
-4.764358596
-5.118737266
-5.286367244
-5.201312899
-4.974973209
-4.625974913
-4.338805742
-4.160570013
-4.210980118
-4.422829695
-4.81829412
-5.328262501
-5.726152298
-5.745803153
-5.235484614
-4.430813031
-3.854791047
-3.745861996
9.810552425
8.382468389
6.487130773
4.361119172
2.337831684
0.502424938
-0.785738614
-1.544520761
-1.790877778
-1.888597401
-1.875411907
-1.923397894
-2.187641173
-2.780110511
-3.665768842
-4.610749972
-5.368110154
-5.744581995
-5.747565235
-5.549711284
-5.445789232
-5.617125355
-6.096043943
-6.823217802
-7.561026278
-8.093195136
-8.476602351
-8.844881263
-9.12552044
-9.033016153
-8.343556999
-6.98822913
-5.099455395
-3.071219267
-1.255337871
0.30312141
1.35854392
1.357144546
-0.259073125
-2.897695602
-5.065409183
-5.917769936
-5.917805704
-5.762601919
-5.873473151
-6.138335167
-6.317263679
-6.329195384
-6.237171152
-6.109054358
-5.991433499
-5.842941063
-5.682653094
-5.488930121
-5.37197067
-5.299083979
-5.336728402
-5.453662124
-5.640705752
-5.844361146
-5.961400292
-5.930761525
-5.693484126
-5.276860284
-4.801821665
-4.445601217
-4.290841718
-4.358962379
-4.624855414
-5.023178829
-5.53953413
-5.914442813
-5.997159638
-5.899062874
-5.599950702
-5.284192879
-5.17528391
-5.222142239
-5.397304365
-5.59014065
-5.572973528
-5.294368777
-4.835029506
-4.414783607
-4.173028837
-4.173496341
-4.435071396
-4.775676584
-5.06154804
-5.165772557
-5.055133509
-4.942247932
-4.858748587
-4.883717691
-5.001959797
-5.260267972
-5.417422095
-5.433267028
-5.351440657
-5.270594475
-6.708927203
-6.827739098
-7.136270377
-7.299370272
-7.191147184
-6.75544416
-6.146333564
-5.609521042
-5.071175484
-4.657779615
-4.527419431
-4.612931866
-4.883951129
-5.366265867
-5.767954683
-5.487411517
-3.999372138
-1.357957814
1.372319285
2.663982528
2.491709514
2.124651133
1.498086008
-0.023197609
-1.995239133
-3.753832155
-4.70107864
-4.803131931
-4.156162298
-3.374715308
-3.147974632
-3.414387255
-3.829730325
-4.490527406
-5.54897018
-6.71696576
-7.4835524
-7.427547936
-6.712443209
-6.03528286
-5.882835153
-6.432046883
-7.312381943
-8.167960001
-8.636306096
-8.6246254
-8.240662828
-7.785714957
-7.424470567
-7.176007586
-7.052942973
-6.994341822
-6.965267468
-6.94153772
-6.944022708
-7.006017498
-7.050419706
-7.136158051
-7.389132288
-7.927141494
-8.6419425
-9.279772901
-9.306144517
-8.725967708
-7.901846078
-7.302260012
-7.101694537
-7.162394749
-7.182884601
-7.059321735
-6.736803617
-6.347672145
-6.050288169
-5.953219286
-5.985237346
-6.004957228
-5.905501878
-5.945840881
-6.393852124
-7.280036944
-8.211475521
-8.701607928
-8.463726852
-7.549740293
-6.318644228
-5.235331499
-4.552633268
-4.431147501
-5.09301639
-6.047877857
-6.52099061
-6.27788102
-5.604020811
-4.80616098
-4.509182383
-4.51754788
-4.504679912
-4.718705736
-5.507770844
-6.55540957
-2.825292103
-2.840282978
-2.8526232
-2.848442648
-2.88011557
-2.842954967
-2.768090326
-2.820611415
-2.839792883
-2.877000551
-2.975841556
-3.164498544
-3.422021061
-3.74992834
-4.0865519
-4.261774267
-4.096050074
-3.638656122
-3.087327759
-2.772850081
-2.771435019
-3.019411043
-3.487117693
-4.080206396
-4.382114179
-4.283970351
-3.923315832
-3.431253794
-3.024619476
-2.886386399
-2.98354941
-3.209916711
-3.53465061
-3.940039923
-4.113763768
-4.11290469
-3.853869217
-3.517083756
-3.304685725
-3.288328106
-3.46544559
-3.711893598
-3.827507641
-3.817435284
-3.71302502
-3.592574664
-3.511370795
-3.522467268
-3.688204011
-3.976482642
-4.168389567
-4.119872068
-3.893574422
-3.504119777
-3.229788453
-3.059312663
-3.021429154
-3.196067925
-3.651965865
-4.15967956
-4.278935741
-3.986132049
-3.544799524
-3.255298481
-3.126172004
-3.097135929
-3.137833875
-3.194690514
-3.224540486
-3.166361029
-3.077217123
-3.067823745
-2.999286409
-3.011278356
-2.9912353
-2.950927674
-2.91319477
-2.935375794
-3.050810993
-3.193183833
-3.337552194
-3.44919716
-3.51223301
-3.550658071
-3.575371773
-3.558430559
-3.550247044
-3.527422183
-3.524587038
-3.532297402
-3.472989033
-3.580162905
-3.651207191
-3.678647477
-3.674791981
-3.685400243
-3.676806955
-3.662372064
-3.61427124
-3.722742827
-6.625921717
-6.866209968
-7.114220506
-7.36073001
-7.519533262
-7.612746022
-7.463097062
-7.030834115
-6.515425117
-6.148227425
-6.102388191
-6.407612428
-6.981047139
-7.499760668
-7.682527734
-7.53084121
-7.244231161
-7.008951164
-6.932804495
-7.055055212
-7.393004727
-7.909444116
-8.404401541
-8.695665922
-8.830934585
-8.797105496
-8.629460458
-8.353977003
-8.112454416
-7.98850437
-7.879616108
-7.501572952
-6.805881877
-5.880308122
-4.843049239
-3.86980263
-3.006796594
-2.173537614
-1.409981906
-0.791696936
-0.352162262
-0.021134317
0.468698763
0.976489643
0.692301828
-0.6042222
-2.090819534
-3.017798938
-3.454742574
-3.737961493
-4.147221364
-4.819547281
-5.736223401
-6.705076099
-7.420044654
-7.728288527
-7.719804429
-7.523934702
-7.24299557
-6.97120822
-6.805742567
-6.677440026
-6.511258998
-6.294099956
-6.148773997
-6.222723083
-6.544788131
-7.05149277
-7.643182098
-8.213114608
-8.630188384
-8.863176042
-8.968198768
-8.947858267
-8.736451093
-8.365347704
-7.983284641
-7.79999987
-7.800393954
-8.161383569
-8.890073522
-9.614725997
-9.810571878
-9.14428837
-7.585805243
-5.225527721
-2.871330261
-1.133084644
-0.162238307
-0.044626861
-0.956600957
-2.620730568
-4.221150369
-5.139666383
-5.33531585
-5.149668458
-4.93480552
-4.951827684
-5.192196885
-5.58923388
-3.707323354
-3.841883545
-3.914969788
-3.988933935
-3.921602697
-3.684812882
-3.324215468
-3.029303928
-3.00002814
-3.334455373
-4.129178848
-5.393241787
-6.767697157
-7.750769507
-7.983421441
-7.405417741
-6.293958764
-5.162949963
-4.494125618
-4.279720144
-4.360186047
-4.752923888
-5.370590121
-5.98536787
-6.255069337
-6.006372917
-5.344457591
-4.682177675
-4.408313854
-4.570311821
-4.956382867
-5.66826715
-6.338246136
-6.798120683
-6.984601424
-6.93045066
-6.785890905
-6.585401361
-6.361785745
-6.1920429
-6.068031984
-5.949450389
-5.798505596
-5.631661904
-5.446712317
-5.205627113
-4.84896489
-4.243657704
-3.323147425
-2.269580498
-1.321692057
-0.569454338
0.116063977
0.932753235
1.941016832
3.061611276
4.068511894
4.654167598
4.709221994
4.280847173
3.503723183
2.404374127
0.893930953
-0.995337896
-2.906468988
-4.213538526
-4.636984788
-4.486114671
-4.195916451
-4.382791275
-5.118543362
-6.075595508
-6.853773108
-7.05335651
-6.527264576
-5.541946952
-4.47941148
-3.471578991
-2.385269844
-1.302390733
-0.602889971
-0.389701889
-0.526929049
-0.86004476
-1.421068339
-2.222574073
-3.172805681
-4.17580625
-5.114665275
-5.775405253
-5.722874751
-4.726724841
-3.00002312
-1.079898382
0.482512407
1.183918327
1.170137941
1.299334073
2.044518443
3.180810981
-3.975705769
-3.84663326
-3.85473206
-3.789319156
-3.582082495
-3.372670213
-3.256215291
-2.913494726
-3.391763638
-1.675748809
-1.737382774
-2.167703541
-2.555643976
-3.040543477
-3.662818232
-4.289838937
-4.767918529
-4.963601881
-4.926131282
-4.667078866
-4.34059418
-3.751906917
-3.191591183
-2.877666979
-5.464306154
-5.182383695
-4.926391703
-4.596367793
-3.675275173
-5.103341012
-6.556914995
-7.448041552
-7.338365123
-6.294467057
-2.992334719
-4.936681183
-7.173117847
-6.080611919
-5.332687159
-5.363005889
-6.186653113
-10.0301632
-9.105157348
-7.987748206
-10.03149605
-9.10566062
-7.988484916
-6.102637945
-5.402864838
-5.531152945
-6.25019851
-5.553810885
-5.527573559
-5.486091838
-5.421566251
-5.368742696
-5.229912846
-5.110776521
-5.073595837
-5.061573768
-5.042793287
-5.039186918
-5.08483915
-5.196264483
-5.394290376
-5.738752315
-6.262580776
-6.85717867
-7.368085824
-7.572619121
-7.371895511
-5.096560007
-3.072387086
-5.919215746
-5.918041025
-5.766171265
-5.867246877
-6.138229116
-5.928675642
-5.688449516
-5.275320344
-4.802574064
-4.440975124
-4.292050953
-4.358755924
-4.623128473
-5.024936518
-5.09812693
-3.075705422
-5.918805347
-5.916843086
-5.765943475
-5.864953283
-6.141940281
-5.932523607
-5.690962114
-5.276378974
-4.802286031
-4.441386151
-4.290196625
-4.357562377
-4.623085174
-5.023004378
-6.848215772
-7.090542842
-7.387311219
-7.652800757
-7.90245854
-7.989650852
-7.776175993
-7.259067666
-6.538451413
-5.845084051
-5.457854599
-5.437697962
-5.741770068
-6.150595066
-6.455358074
-6.502778037
-6.352123787
-5.894064033
-5.487706453
-5.146002474
-5.019595677
-5.256765144
-5.973455619
-6.983638805
-7.816450361
-8.042629405
-7.652337646
-6.704075829
-5.713847845
-4.886375247
-4.320042831
-4.068045646
-4.336328285
-5.208339891
-6.131880474
-7.007136998
-7.533728439
-7.568265373
-8.639315065
-8.621937096
-8.240625177
-7.786392681
-7.426049413
-7.178458688
-6.944894336
-7.007519159
-7.05108488
-7.137991043
-7.38789607
-7.927196716
-8.638864504
-9.278620771
-9.305048863
-8.725347717
-7.89847503
-7.306990901
-7.101519458
-7.159757274
-7.182374425
-7.059936079
-6.739274171
-6.348131491
-6.053234385
-5.951853798
-5.987582396
-6.003284254
-5.905689508
-5.947978222
-6.393065839
-7.27615321
-8.210652212
-8.70370448
-8.470172759
-7.547692061
-6.315155832
-5.23734459
-4.553665542
-4.431537819
-5.095697792
-8.232261562
-7.770851468
-7.192267311
-6.637364582
-6.16157231
-5.767741953
-5.461631027
-5.19793432
-4.90526931
-4.557462678
-4.16196374
-3.790752417
-2.828416535
-2.244592569
-2.185268512
-2.640561521
-3.393509595
-4.193684982
-4.884909983
-5.208240115
-5.251251107
-5.071168581
-4.929662976
-4.851929932
-4.929430793
-7.579042437
-7.423745152
-4.388698768
-4.683747735
-5.785684692
-7.21913969
-8.311948083
-7.871413767
-6.844259872
-5.742400101
-4.93681108
-4.537520026
-4.512454284
-5.697988479
-5.66852569
-5.626175478
-5.57888353
-5.491187945
-5.55152294
-6.356513304
-6.371649137
-6.359049121
-5.953062405
-5.417309141
-5.175188526
-5.336053816
-5.478943107
-5.387412734
-5.041216951
-4.553631656
-4.02889015
-3.528376644
-3.195311761
-3.039227563
-2.927971033
-2.757550465
-2.599601271
-2.546436972
-2.505832527
-2.5652915
-6.089314396
-6.030949193
-5.92492557
-5.705062536
-5.3479805
-4.84315027
-4.248236105
-3.660518992
-3.279805729
-3.044351281
-3.176056873
-3.860383524
-4.920120875
-5.788152109
-5.872036125
-4.995199501
-3.512593835
-2.106142996
-1.364585703
-1.360170458
-1.965081676
-3.254942676
-5.026106219
-6.73328259
-7.642323021
-7.513233567
-6.667025042
-5.530127574
-4.70498873
-4.476755179
-4.789948319
-5.395448782
-5.951024214
-6.171218579
-5.999076718
-5.591924067
-5.161776497
-4.830962536
-4.645534149
-4.647665842
-4.645148223
-4.678895734
-4.464179636
-4.285523468
-4.567574569
-5.216172622
-5.734583058
-5.701804441
-5.043130894
-4.139497822
-3.385225048
-3.041595204
-3.152617668
-3.763948438
-4.785462164
-5.740574639
-6.083760198
-5.591773462
-4.523928525
-3.482506034
-2.912844613
-2.814382003
-2.964597615
-3.239055072
-3.65195959
-4.078104197
-4.39909932
-4.18944356
-4.556348826
-5.203143381
-6.083464007
-7.08787399
-7.763970689
-8.021714094
-7.730356213
-6.952054363
-6.027167745
-5.363337221
-4.829639092
-4.523703872
-4.557950263
-5.13907463
-6.041671035
-6.644154999
-6.217241677
-4.962427787
-3.843643744
-9.699564474
-9.169084278
-7.818966725
-6.312480706
-6.053668003
-6.207902893
-6.106574391
-3.975705769
-3.84663326
-3.85473206
-3.789319156
-3.582082495
-3.372670213
-3.256215291
-2.913494726
-6.102637945
-5.402864838
-5.531152945
-6.25019851
-5.096560007
-3.072387086
-5.919215746
-5.918041025
-5.766171265
-5.867246877
-6.138229116
-5.09812693
-3.075705422
-5.918805347
-5.916843086
-5.765943475
-5.864953283
-6.141940281
-8.639315065
-8.621937096
-8.240625177
-7.786392681
-7.426049413
-7.178458688
-5.099455395
-3.071219267
-5.917769936
-5.917805704
-5.762601919
-5.873473151
-6.138335167
-5.930761525
-5.693484126
-5.276860284
-4.801821665
-4.445601217
-4.290841718
-4.358962379
-4.624855414
-5.023178829
-8.636306096
-8.6246254
-8.240662828
-7.785714957
-7.424470567
-7.176007586
-6.944022708
-7.006017498
-7.050419706
-7.136158051
-7.389132288
-7.927141494
-8.6419425
-9.279772901
-9.306144517
-8.725967708
-7.901846078
-7.302260012
-7.101694537
-7.162394749
-7.182884601
-7.059321735
-6.736803617
-6.347672145
-6.050288169
-5.953219286
-5.985237346
-6.004957228
-5.905501878
-5.945840881
-6.393852124
-7.280036944
-8.211475521
-8.701607928
-8.463726852
-7.549740293
-6.318644228
-5.235331499
-4.552633268
-4.431147501
-5.09301639
-5.798505596
-5.631661904
-5.446712317
-5.205627113
-4.84896489