-144600.88145
-144605.80267
-144609.68153
-144612.02453
-144613.26982
-144614.19918
-144615.57362
-144617.57070
-144619.99441
-144622.71561
-144624.57202
-144625.48293
-144626.10558
-144626.59677
-144626.94269
-144627.21942
-144627.55150
-144627.82593
-144627.93201
-144627.24248
-144625.82654
-144623.75797
-144621.88541
-144620.99065
-144621.12209
-144621.40113
-144621.32503
-144620.35416
-144618.17259
-144615.21387
-144612.35199
-144611.00754
-144610.78615
-144609.38174
-144607.54147
-144607.93581
-144611.87233
-144617.49921
-144621.77011
-144623.43050
-144623.31981
-144622.97389
-144623.05691
-144623.88249
-144625.04708
-144625.61438
-144625.38838
-144624.85798
-144624.03470
-144622.80093
-144622.35097
-144620.27806
-144620.38184
-144621.32734
-144622.25439
-144623.06844
-144624.16615
-144625.67895
-144627.60915
-144629.28799
-144630.39031
-144631.07291
-144631.62177
-144632.28592
-144632.92241
-144633.45050
-144633.85407
-144634.15848
-144634.39370
-144634.64506
-144634.91718
-144635.06247
-144634.86645
-144634.17923
-144633.23604
-144632.27439
-144631.46956
-144630.81463
-144630.21043
-144629.73307
-144629.32950
-144628.95591
-144628.81755
-144629.03202
-144629.65005
-144630.54482
-144631.36579
-144631.82009
-144631.92848
-144631.97691
-144632.15217
-144632.30207
-144632.36202
-144632.20752
-144631.85468
-144631.41883
-144631.19514
-144631.64022
-144632.81171
-144634.09160
-144608.36475
-144611.66939
-144614.46438
-144616.59983
-144618.43549
-144620.10972
-144621.33656
-144622.26131
-144623.23909
-144624.63890
-144625.97413
-144626.80432
-144627.20559
-144627.33473
-144627.10642
-144626.76051
-144626.67749
-144626.62675
-144626.59447
-144626.64290
-144626.71208
-144626.60831
-144626.48608
-144626.67979
-144626.80432
-144626.93116
-144627.39469
-144627.91356
-144628.21335
-144628.14647
-144627.73138
-144627.06261
-144626.38923
-144626.04792
-144626.01794
-144625.81039
-144625.36301
-144624.54665
-144623.10303
-144621.22356
-144619.24954
-144617.47154
-144615.86419
-144614.62120
-144614.33063
-144615.18619
-144616.90424
-144618.91746
-144620.49253
-144621.40574
-144622.06990
-144622.93930
-144624.21227
-144625.87958
-144627.93431
-144629.80917
-144631.17900
-144632.09913
-144632.75637
-144632.98928
-144632.81633
-144632.14525
-144631.37732
-144630.66704
-144630.20352
-144629.91986
-144629.62238
-144629.38254
-144629.62699
-144630.13894
-144630.77312
-144631.45803
-144632.20521
-144632.77482
-144633.15532
-144633.63730
-144634.12619
-144634.44905
-144634.60125
-144634.43982
-144633.78950
-144632.69410
-144631.44650
-144630.07899
-144628.99973
-144628.44396
-144628.09805
-144627.73138
-144627.38315
-144626.86659
-144626.24855
-144625.60515
-144625.11626
-144624.69655
-144624.20996
-144623.92631
-144623.95629
-144624.14770
-144624.32527
-144624.53512
-144625.72046
-144627.00265
-144627.10873
-144626.44457
-144625.43681
-144624.34833
-144623.12148
-144621.82084
-144620.56632
-144619.68309
-144619.55395
-144619.71998
-144619.92292
-144620.47639
-144621.34348
-144622.33049
-144623.18144
-144623.68648
-144623.90094
-144623.76719
-144623.19758
-144622.05606
-144620.96067
-144620.18351
-144619.59776
-144618.79754
-144617.48307
-144615.66586
-144613.65264
-144611.88847
-144610.82074
-144610.91068
-144612.32432
-144614.82183
-144617.63527
-144620.14200
-144622.00302
-144623.37285
-144624.59739
-144625.86113
-144627.15716
-144628.56849
-144629.76074
-144630.48717
-144630.81924
-144630.91610
-144630.88843
-144630.86537
-144630.92532
-144631.01757
-144631.13057
-144631.34503
-144631.55028
-144631.60332
-144631.61485
-144631.80625
-144632.10835
-144632.52576
-144633.00312
-144633.36057
-144633.17377
-144632.21213
-144630.71086
-144629.22803
-144628.30559
-144627.98505
-144627.74521
-144627.03493
-144625.46448
-144622.97620
-144620.28267
-144618.33171
-144617.37237
-144617.23401
-144618.20026
-144620.58247
-144623.65650
-144626.19321
-144627.62760
-144628.11188
-144628.08652
-144628.14417
-144628.87751
-144630.37647
-144632.01150
-144633.28677
-144633.93940
-144633.98321
-144633.45742
-144632.64337
-144631.68173
-144630.66704
-144629.83223
-144629.31105
-144629.13348
-144629.33181
-144629.78380
-144630.18968
-144630.61400
-144631.04985
-144625.72046
-144627.00265
-144627.10873
-144626.44457
-144625.43681
-144624.34833
-144623.12148
-144621.82084
-144620.56632
-144619.68309
-144619.55395
-144619.71998
-144619.92292
-144620.47639
-144621.34348
-144622.33049
-144623.18144
-144623.68648
-144623.90094
-144623.76719
-144623.19758
-144622.05606
-144620.96067
-144620.18351
-144619.59776
-144618.79754
-144617.48307
-144615.66586
-144613.65264
-144611.88847
-144610.82074
-144610.91068
-144612.32432
-144614.82183
-144617.63527
-144620.14200
-144622.00302
-144623.37285
-144624.59739
-144625.86113
-144627.15716
-144628.56849
-144629.76074
-144630.48717
-144630.81924
-144630.91610
-144630.88843
-144630.86537
-144630.92532
-144631.01757
-144631.13057
-144631.34503
-144631.55028
-144631.60332
-144631.61485
-144631.80625
-144632.10835
-144632.52576
-144633.00312
-144633.36057
-144633.17377
-144632.21213
-144630.71086
-144629.22803
-144628.30559
-144627.98505
-144627.74521
-144627.03493
-144625.46448
-144622.97620
-144620.28267
-144618.33171
-144617.37237
-144617.23401
-144618.20026
-144620.58247
-144623.65650
-144626.19321
-144627.62760
-144628.11188
-144628.08652
-144628.14417
-144628.87751
-144630.37647
-144632.01150
-144633.28677
-144633.93940
-144633.98321
-144633.45742
-144632.64337
-144631.68173
-144630.66704
-144629.83223
-144629.31105
-144629.13348
-144629.33181
-144629.78380
-144630.18968
-144630.61400
-144631.04985
-144599.64538
-144599.14496
-144599.29716
-144600.35105
-144602.15903
-144604.26450
-144606.38381
-144608.59305
-144611.43647
-144614.62120
-144617.11179
-144618.94744
-144620.43949
-144621.62482
-144622.54957
-144623.32672
-144623.95398
-144624.64120
-144625.00557
-144624.81416
-144624.50053
-144624.51206
-144624.77957
-144625.03093
-144624.87181
-144623.94476
-144622.28206
-144620.13047
-144618.00886
-144616.49606
-144615.56900
-144615.13085
-144615.89416
-144617.95582
-144620.43949
-144622.48730
-144623.63113
-144624.05315
-144624.33218
-144625.11165
-144626.70747
-144629.18191
-144631.74168
-144633.68342
-144634.58741
-144634.72808
-144634.28531
-144633.61193
-144632.88090
-144632.31821
-144632.03917
-144631.98613
-144632.03225
-144632.03456
-144631.97921
-144632.01150
-144632.25594
-144632.65721
-144633.12304
-144633.37440
-144633.26140
-144632.68027
-144631.84085
-144630.99681
-144630.28884
-144629.75152
-144629.33642
-144628.99973
-144628.72761
-144628.55004
-144628.53620
-144628.67918
-144628.99742
-144629.25801
-144629.44481
-144629.64083
-144629.91064
-144630.21966
-144630.69010
-144631.26663
-144631.89850
-144632.52345
-144633.10228
-144633.46895
-144633.75952
-144633.91864
-144634.12850
-144634.35680
-144634.69119
-144635.05555
-144635.34381
-144635.46834
-144635.45450
-144635.37379
-144635.32075
-144635.33920
-144635.39455
-144635.40838
-144635.17085
-144634.61508
-144597.01412
-144599.00659
-144600.77768
-144602.76554
-144605.14082
-144607.48382
-144609.43939
-144610.75156
-144611.86541
-144612.80860
-144613.21678
-144612.90546
-144612.39581
-144612.25975
-144612.61028
-144613.49351
-144614.65348
-144615.82037
-144617.00570
-144618.37092
-144620.11894
-144622.21749
-144624.46363
-144626.46763
-144628.00119
-144628.87290
-144629.27877
-144629.42405
-144629.20267
-144628.34710
-144626.99112
-144625.38838
-144623.49968
-144621.12671
-144618.58077
-144616.28851
-144614.49897
-144614.10002
-144615.85496
-144619.08811
-144622.10910
-144623.98858
-144625.28230
-144626.71439
-144628.93747
-144631.28508
-144632.74023
-144633.38824
-144633.36748
-144633.16455
-144632.96622
-144632.83016
-144632.77943
-144632.84400
-144632.98006
-144633.08845
-144633.15763
-144633.19683
-144633.05616
-144632.74484
-144632.16370
-144631.27816
-144630.28192
-144629.54166
-144629.13118
-144628.93747
-144629.00204
-144629.35026
-144629.87605
-144630.30960
-144630.58633
-144630.79618
-144631.21589
-144632.07146
-144632.96853
-144633.46895
-144633.89097
-144634.12158
-144634.18384
-144634.05701
-144633.70187
-144633.16455
-144632.56957
-144632.03686
-144631.60332
-144631.30583
-144631.24126
-144631.43036
-144631.75783
-144632.09913
-144632.40353
-144632.71025
-144633.03771
-144633.37671
-144633.69726
-144633.95093
-144634.05470
-144634.01550
-144633.66036
-144633.22220
-144597.01412
-144599.00659
-144600.77768
-144602.76554
-144605.14082
-144607.48382
-144609.43939
-144610.75156
-144611.86541
-144612.80860
-144613.21678
-144612.90546
-144612.39581
-144612.25975
-144612.61028
-144613.49351
-144614.65348
-144615.82037
-144617.00570
-144618.37092
-144620.11894
-144622.21749
-144624.46363
-144626.46763
-144628.00119
-144628.87290
-144629.27877
-144629.42405
-144629.20267
-144628.34710
-144626.99112
-144625.38838
-144623.49968
-144621.12671
-144618.58077
-144616.28851
-144614.49897
-144614.10002
-144615.85496
-144619.08811
-144622.10910
-144623.98858
-144625.28230
-144626.71439
-144628.93747
-144631.28508
-144632.74023
-144633.38824
-144633.36748
-144633.16455
-144632.96622
-144632.83016
-144632.77943
-144632.84400
-144632.98006
-144633.08845
-144633.15763
-144633.19683
-144633.05616
-144632.74484
-144632.16370
-144631.27816
-144630.28192
-144629.54166
-144629.13118
-144628.93747
-144629.00204
-144629.35026
-144629.87605
-144630.30960
-144630.58633
-144630.79618
-144631.21589
-144632.07146
-144632.96853
-144633.46895
-144633.89097
-144634.12158
-144634.18384
-144634.05701
-144633.70187
-144633.16455
-144632.56957
-144632.03686
-144631.60332
-144631.30583
-144631.24126
-144631.43036
-144631.75783
-144632.09913
-144632.40353
-144632.71025
-144633.03771
-144633.37671
-144633.69726
-144633.95093
-144634.05470
-144634.01550
-144633.66036
-144633.22220
-144617.24554
-144618.15875
-144618.50928
-144618.67993
-144618.94744
-144619.14115
-144618.54849
-144616.84197
-144614.54510
-144612.80860
-144612.34738
-144612.48344
-144612.28512
-144612.43040
-144613.36899
-144614.95328
-144616.62059
-144617.64449
-144617.92123
-144617.82668
-144617.91661
-144618.12878
-144617.72751
-144616.83044
-144616.04175
-144615.40066
-144614.64195
-144613.14991
-144610.89685
-144608.47083
-144606.48066
-144605.05780
-144603.85402
-144602.83703
-144602.64793
-144603.67414
-144605.87185
-144608.32093
-144609.76916
-144610.36644
-144611.45262
-144613.33439
-144615.41680
-144617.31472
-144618.79524
-144619.75227
-144620.69546
-144621.88541
-144623.14224
-144624.43365
-144625.70662
-144626.76743
-144627.57456
-144628.08652
-144628.26639
-144628.44857
-144628.64229
-144628.80602
-144628.78526
-144628.85675
-144629.11965
-144629.46556
-144629.77227
-144630.09513
-144630.31190
-144630.41337
-144630.44796
-144630.25886
-144629.76766
-144629.19575
-144628.66765
-144628.23180
-144627.86974
-144627.57687
-144627.51230
-144627.74521
-144628.16031
-144628.41629
-144628.45088
-144628.46010
-144628.51776
-144628.63998
-144628.80371
-144629.03432
-144629.42175
-144629.86913
-144630.37186
-144630.44104
-144630.09974
-144629.64544
-144629.35487
-144629.02049
-144628.47163
-144627.58840
-144626.69594
-144626.10327
-144625.91186
-144626.09635
-144626.44918
-144626.69824
-144624.65043
-144624.09466
-144623.74182
-144623.35209
-144622.95314
-144622.76865
-144622.91624
-144622.85397
-144622.11141
-144620.99295
-144620.01517
-144619.29336
-144618.59000
-144617.93276
-144617.32164
-144616.66210
-144615.50674
-144613.79100
-144612.37967
-144612.32432
-144612.80630
-144612.51803
-144611.95765
-144612.46499
-144614.06082
-144615.93106
-144617.45770
-144618.29712
-144618.66840
-144618.98895
-144619.58854
-144620.58477
-144621.53950
-144622.35816
-144623.25754
-144624.27223
-144625.15777
-144625.70662
-144626.18168
-144626.98881
-144628.22488
-144629.55319
-144630.78004
-144631.75091
-144632.40123
-144632.74023
-144632.81863
-144632.77482
-144632.80941
-144632.92933
-144633.05616
-144633.15532
-144633.19914
-144633.03541
-144632.82555
-144632.63414
-144632.56035
-144632.54651
-144632.65721
-144632.80480
-144632.89935
-144632.95239
-144632.78865
-144632.39431
-144632.00227
-144631.67019
-144631.39116
-144631.10289
-144630.77543
-144630.38800
-144630.03056
-144629.73076
-144629.53475
-144629.53936
-144629.55319
-144629.44942
-144629.16116
-144628.83830
-144628.73914
-144628.74145
-144628.77143
-144628.43474
-144627.70370
-144626.98189
-144626.48378
-144626.00641
-144625.21311
-144624.25378
-144623.55733
-144623.31981
-144623.23909
-144622.92316
-144622.50806
-144622.37431
-144622.44118
-144622.33280
-144621.97996
-144621.70323
-144621.56717
-144621.62944
-144606.51756
-144610.63626
-144613.93629
-144616.64134
-144618.94052
-144621.09903
-144623.15607
-144625.26615
-144627.34395
-144629.13118
-144630.29807
-144630.68549
-144630.44796
-144629.97291
-144629.51860
-144629.04816
-144628.37017
-144627.41775
-144626.44457
-144625.74813
-144625.34917
-144624.95944
-144624.15000
-144622.61414
-144620.49022
-144617.96274
-144615.07319
-144611.03982
-144605.95949
-144602.28356
-144603.15757
-144608.28403
-144614.47361
-144619.61160
-144623.44434
-144626.23241
-144628.13264
-144629.27416
-144630.18045
-144631.29430
-144632.65721
-144633.86330
-144634.55051
-144634.53668
-144633.87021
-144632.78865
-144631.44420
-144630.00519
-144628.51545
-144627.04877
-144625.67664
-144624.46133
-144623.53427
-144623.07767
-144623.17913
-144623.70723
-144623.09842
-144622.81708
-144623.00156
-144623.67264
-144624.68732
-144625.79886
-144626.84583
-144627.57225
-144628.07729
-144628.58233
-144629.18883
-144629.96829
-144630.80541
-144631.59179
-144632.21213
-144632.75406
-144633.17838
-144633.37440
-144633.22451
-144632.75406
-144631.97229
-144631.06600
-144630.25425
-144629.81609
-144629.98674
-144630.53559
-144631.02218
-144630.80079
-144630.26347
-144629.71693
-144629.44020
-144629.69617
-144630.44796
-144631.26432
-144631.76705
-144631.81317
-144631.53875
-144631.21820
-144630.94147
-144630.77543
-144630.81002
-144631.04755
-144631.41883
-144631.86391
-144608.36475
-144611.66939
-144614.46438
-144616.59983
-144618.43549
-144620.10972
-144621.33656
-144622.26131
-144623.23909
-144624.63890
-144625.97413
-144626.80432
-144627.20559
-144627.33473
-144627.10642
-144626.76051
-144626.67749
-144626.62675
-144626.59447
-144626.64290
-144626.71208
-144626.60831
-144626.48608
-144626.67979
-144626.80432
-144626.93116
-144627.39469
-144627.91356
-144628.21335
-144628.14647
-144627.73138
-144627.06261
-144626.38923
-144626.04792
-144626.01794
-144625.81039
-144625.36301
-144624.54665
-144623.10303
-144621.22356
-144619.24954
-144617.47154
-144615.86419
-144614.62120
-144614.33063
-144615.18619
-144616.90424
-144618.91746
-144620.49253
-144621.40574
-144622.06990
-144622.93930
-144624.21227
-144625.87958
-144627.93431
-144629.80917
-144631.17900
-144632.09913
-144632.75637
-144632.98928
-144632.81633
-144632.14525
-144631.37732
-144630.66704
-144630.20352
-144629.91986
-144629.62238
-144629.38254
-144629.62699
-144630.13894
-144630.77312
-144631.45803
-144632.20521
-144632.77482
-144633.15532
-144633.63730
-144634.12619
-144634.44905
-144634.60125
-144634.43982
-144633.78950
-144632.69410
-144631.44650
-144630.07899
-144628.99973
-144628.44396
-144628.09805
-144627.73138
-144627.38315
-144626.86659
-144626.24855
-144625.60515
-144625.11626
-144624.69655
-144624.20996
-144623.92631
-144623.95629
-144624.14770
-144624.32527
-144624.53512
-144627.15024
-144627.48232
-144627.53766
-144627.25401
-144626.82738
-144626.34772
-144625.77580
-144625.03324
-144624.20304
-144623.52505
-144623.15838
-144623.19528
-144623.65880
-144624.26300
-144624.71269
-144624.98712
-144624.95483
-144624.51437
-144624.02547
-144624.04162
-144624.76112
-144626.13786
-144627.59762
-144628.49931
-144628.66535
-144628.39092
-144627.98735
-144627.52613
-144627.06491
-144626.69594
-144626.28315
-144625.56134
-144624.39214
-144622.82861
-144621.00448
-144619.00971
-144617.19711
-144615.69584
-144614.84489
-144614.85873
-144615.58745
-144616.57677
-144617.51997
-144618.11494
-144618.72836
-144619.46862
-144620.00133
-144620.14892
-144620.24808
-144621.00218
-144622.67640
-144624.86951
-144627.12718
-144629.09659
-144630.50100
-144631.12134
-144630.94147
-144630.27962
-144629.38716
-144628.65612
-144628.20413
-144627.91125
-144627.59993
-144627.23787
-144627.04185
-144627.14101
-144627.76827
-144628.89826
-144630.39262
-144631.84315
-144632.93855
-144633.56350
-144633.77105
-144633.55889
-144633.03541
-144632.19137
-144631.13979
-144630.05592
-144629.09889
-144628.58694
-144628.45088
-144628.32174
-144627.74060
-144626.51837
-144624.69885
-144622.51959
-144620.52943
-144619.17113
-144618.42165
-144618.27637
-144618.93130
-144620.33571
-144621.91539
-144623.13301
-144623.79486
-144624.08774
-144624.41290
-144625.13932
-144626.38461
-144628.12572
-144627.16408
-144626.26470
-144625.87727
-144625.86805
-144626.09174
-144626.47455
-144626.97959
-144627.58840
-144628.24564
-144628.73453
-144628.99512
-144628.81755
-144628.26870
-144627.29552
-144625.72507
-144623.51121
-144620.80155
-144617.77594
-144614.73420
-144612.28973
-144610.90376
-144610.42640
-144610.56016
-144611.35807
-144612.90546
-144614.78724
-144616.51451
-144617.80362
-144618.97281
-144620.52251
-144622.59108
-144625.17852
-144627.78903
-144629.91756
-144631.26663
-144631.85929
-144631.91695
-144631.70940
-144631.48109
-144631.23204
-144631.04985
-144630.88612
-144630.60478
-144630.00980
-144628.96514
-144627.51230
-144625.99027
-144625.41144
-144625.03785
-144625.14854
-144625.74813
-144626.63137
-144627.37162
-144627.46387
-144626.75128
-144625.52905
-144624.39906
-144623.65419
-144623.41897
-144623.77641
-144624.62045
-144625.64666
-144626.58986
-144627.03032
-144626.86659
-144626.28776
-144625.69509
-144625.61899
-144626.24625
-144626.99342
-144627.70601
-144628.14878
-144628.20413
-144627.83054
-144627.20559
-144626.43074
-144625.53827
-144624.50975
-144623.39821
-144622.44118
-144621.88311
-144621.73321
-144621.93384
-144622.50114
-144622.24978
-144622.10680
-144622.17137
-144622.61183
-144623.28522
-144623.82484
-144624.21227
-144624.51437
-144624.64812
-144624.63198
-144624.59047
-144624.63659
-144624.62737
-144624.50053
-144624.07160
-144623.23909
-144632.17984
-144632.18215
-144632.30437
-144632.48194
-144632.65259
-144632.81863
-144632.81171
-144632.71486
-144632.63645
-144632.53037
-144632.54421
-144632.50962
-144632.53729
-144632.59725
-144632.74023
-144632.86937
-144632.98928
-144633.01926
-144632.88551
-144632.69641
-144632.50270
-144632.34127
-144632.26747
-144632.32051
-144632.45427
-144632.64798
-144632.85322
-144633.02157
-144632.82786
-144632.55112
-144632.26978
-144632.18676
-144632.23058
-144632.37125
-144632.54421
-144632.71947
-144632.79557
-144632.82324
-144632.78865
-144632.72639
-144632.71025
-144632.67796
-144632.62261
-144632.60186
-144632.57419
-144632.52115
-144632.46119
-144632.41506
-144632.39200
-144632.39431
-144632.45196
-144632.51653
-144632.55112
-144632.60417
-144632.60417
-144632.50500
-144632.35511
-144632.25825
-144632.16831
-144632.11527
-144632.14295
-144632.23519
-144632.35741
-144632.55574
-144632.67335
-144632.64567
-144632.50270
-144632.39892
-144632.30437
-144632.22827
-144632.23519
-144632.30437
-144632.38047
-144632.48655
-144632.56496
-144632.51423
-144632.35741
-144632.13833
-144631.80625
-144631.53183
-144631.42344
-144631.46265
-144631.62638
-144631.89389
-144632.11988
-144632.15217
-144632.01611
-144631.83162
-144631.65636
-144631.60332
-144631.74399
-144632.02303
-144632.35972
-144632.67796
-144632.84400
-144632.73561
-144632.36433
-144631.80856
-144631.22973
-144630.81463
-144632.07607
-144632.13833
-144632.15217
-144632.23750
-144632.46811
-144632.80018
-144632.94316
-144632.64106
-144631.92387
-144631.10059
-144630.62323
-144630.64859
-144630.98528
-144631.48340
-144631.99535
-144632.37586
-144632.51192
-144632.62953
-144632.62031
-144632.50731
-144632.26978
-144631.96076
-144631.66558
-144631.40499
-144631.25740
-144631.16285
-144631.04985
-144630.75698
-144630.30037
-144629.82993
-144629.56473
-144629.67542
-144630.39262
-144631.57334
-144632.70102
-144633.28677
-144633.12534
-144632.33205
-144631.25279
-144630.26578
-144629.85299
-144629.92217
-144630.16431
-144630.35802
-144630.30498
-144629.95676
-144629.39638
-144629.03663
-144629.29491
-144629.92909
-144630.43643
-144630.50792
-144630.07899
-144629.27646
-144628.47394
-144627.85591
-144627.62760
-144627.74291
-144627.96890
-144628.07498
-144627.78903
-144626.98651
-144625.86343
-144624.74036
-144624.03931
-144623.73029
-144623.63805
-144623.73952
-144623.97243
-144624.18921
-144624.34141
-144624.43596
-144624.69424
-144625.26385
-144625.98105
-144626.57833
-144627.15485
-144627.87205
-144628.70224
-144629.55781
-144630.17354
-144630.41106
-144630.36033
-144630.02364
-144629.39177
-144628.79910
-144628.31943
-144628.07960
-144627.75444
-144626.97728
-144625.79195
-144624.53282
-144623.33826
-144621.90847
-144620.21810
-144618.57846
-144617.37929
-144616.40842
-144614.89332
-144612.01300
-144631.25971
-144631.11673
-144631.07983
-144631.07522
-144631.07522
-144631.18130
-144631.30814
-144631.51107
-144631.78781
-144632.05762
-144632.20290
-144632.26286
-144632.27901
-144632.14064
-144631.83623
-144631.47418
-144631.19053
-144630.96914
-144630.91379
-144630.95069
-144631.08906
-144631.29430
-144631.55028
-144631.78319
-144631.96307
-144632.20060
-144632.52345
-144632.86245
-144633.19683
-144633.52891
-144633.75952
-144633.90019
-144634.08699
-144634.19768
-144634.24380
-144634.30607
-144634.35450
-144634.34527
-144634.37756
-144634.50900
-144634.62431
-144634.66351
-144634.63353
-144634.54129
-144634.43521
-144634.35219
-144634.29223
-144634.28762
-144634.36141
-144634.40754
-144634.38447
-144634.37756
-144634.40984
-144634.44213
-144634.50670
-144634.58511
-144634.59433
-144634.51362
-144634.31760
-144633.99936
-144633.60040
-144633.17838
-144632.83247
-144632.61108
-144632.52576
-144632.49347
-144632.35741
-144632.12680
-144631.75783
-144631.36579
-144631.02910
-144630.75698
-144630.59325
-144630.53098
-144630.67165
-144630.76851
-144630.64398
-144630.19429
-144629.63852
-144629.22112
-144629.11042
-144629.17269
-144629.28569
-144629.54397
-144629.97982
-144630.44796
-144630.66012
-144630.43182
-144629.78842
-144628.88212
-144627.97352
-144627.18714
-144626.41920
-144625.79425
-144625.52444
-144625.50830
-144625.46217
-144625.17391
-144624.74498
-144624.50053
-144632.19599
-144632.13833
-144632.17984
-144632.28362
-144632.28823
-144632.30668
-144632.35049
-144632.41737
-144632.51653
-144632.63184
-144632.73561
-144632.79096
-144632.85553
-144632.78173
-144632.59955
-144632.33896
-144632.14756
-144631.91464
-144631.77858
-144631.78319
-144631.88236
-144632.05301
-144632.29054
-144632.51884
-144632.68949
-144632.84861
-144632.99851
-144633.12073
-144633.29600
-144633.42514
-144633.51507
-144633.56811
-144633.64652
-144633.69264
-144633.69726
-144633.71801
-144633.72954
-144633.70417
-144633.72493
-144633.78719
-144633.83332
-144633.87944
-144633.89328
-144633.87252
-144633.84946
-144633.83332
-144633.82409
-144633.86330
-144633.94401
-144633.97860
-144633.95093
-144633.93248
-144633.92095
-144633.90250
-144633.90250
-144633.89558
-144633.83101
-144633.71801
-144633.59118
-144633.42744
-144633.21759
-144632.99159
-144632.92702
-144632.95469
-144632.99390
-144633.00773
-144632.87628
-144632.67565
-144632.43351
-144632.20060
-144632.03917
-144631.92617
-144631.79472
-144631.62177
-144631.58026
-144631.55720
-144631.45342
-144631.32428
-144631.31044
-144631.45573
-144631.66097
-144631.82009
-144632.10144
-144632.46811
-144632.84169
-144633.07000
-144633.04463
-144632.78173
-144632.37356
-144631.90772
-144631.44650
-144630.95992
-144630.41106
-144629.94062
-144629.71232
-144629.62468
-144629.45403
-144629.24418
-144629.29491
-144629.55319
-144634.51131
-144634.54590
-144634.62200
-144634.68427
-144634.70272
-144634.60355
-144634.38909
-144634.06162
-144633.81256
-144633.59579
-144633.49432
-144633.51507
-144633.58887
-144633.78719
-144634.00858
-144634.11697
-144634.05931
-144633.96707
-144633.93709
-144633.89097
-144633.90481
-144633.99705
-144634.09852
-144634.22766
-144634.24841
-144634.01780
-144633.44359
-144632.84631
-144632.30437
-144631.94001
-144631.64483
-144631.75321
-144632.06915
-144632.32513
-144632.25364
-144631.82701
-144631.22973
-144630.89535
-144630.76159
-144630.86306
-144631.13979
-144631.39577
-144631.42805
-144631.26201
-144631.15363
-144631.20206
-144631.35426
-144631.56181
-144631.82470
-144632.09452
-144632.36894
-144632.65951
-144632.87859
-144633.04694
-144633.26371
-144633.47126
-144633.63730
-144633.77566
-144633.98321
-144634.16078
-144634.20460
-144634.15848
-144634.06393
-144633.96015
-144633.90250
-144633.96707
-144633.77105
-144633.12534
-144632.19829
-144631.20206
-144630.35341
-144629.70540
-144629.46326
-144629.70309
-144630.21966
-144630.73392
-144631.15132
-144631.26893
-144630.91841
-144630.36033
-144630.46180
-144631.33120
-144632.53959
-144633.67881
-144634.58049
-144635.13626
-144635.35534
-144635.40608
-144635.27463
-144634.97022
-144634.61278
-144634.28070
-144633.92787
-144633.48971
-144633.03541
-144632.59725
-144632.20982
-144631.97921
-144631.82932
-144631.52260
-144634.06162
-144634.03625
-144634.08468
-144634.09852
-144634.05701
-144634.00397
-144633.97399
-144633.87713
-144633.72262
-144633.58195
-144633.40669
-144633.23373
-144633.05155
-144632.91779
-144632.76329
-144632.54882
-144632.20521
-144631.80856
-144631.54336
-144631.42114
-144631.29199
-144631.24126
-144631.56873
-144632.18907
-144632.69180
-144632.74253
-144632.37586
-144631.99766
-144631.86621
-144631.93078
-144632.10374
-144632.34819
-144632.67796
-144633.04924
-144633.39746
-144633.57273
-144633.47587
-144633.31444
-144633.28216
-144633.31444
-144633.41361
-144633.55889
-144633.63038
-144633.60732
-144633.52661
-144633.25910
-144632.96161
-144632.78635
-144632.71947
-144632.73100
-144632.73561
-144632.58572
-144632.25825
-144631.91234
-144631.64022
-144631.39116
-144631.16516
-144631.19744
-144631.58948
-144632.06454
-144632.23519
-144631.96538
-144631.56411
-144631.49032
-144631.74399
-144632.06684
-144632.45427
-144632.87398
-144633.23142
-144633.52430
-144633.75030
-144633.80103
-144633.84946
-144633.91864
-144633.95093
-144633.95323
-144633.99013
-144634.02703
-144634.03856
-144634.11466
-144634.25533
-144634.38447
-144634.48594
-144634.56896
-144634.62431
-144634.68196
-144634.72116
-144634.69119
-144634.68427
-144634.74884
-144634.79957
-144634.82725
-144634.89412
-144634.92871
-144634.88720
-144634.76498
-144634.57588
-144634.25303
-144633.75491
-144633.19683
-144600.88145
-144605.80267
-144609.68153
-144612.02453
-144613.26982
-144614.19918
-144615.57362
-144617.57070
-144619.99441
-144622.71561
-144624.57202
-144625.48293
-144626.10558
-144626.59677
-144626.94269
-144627.21942
-144627.55150
-144627.82593
-144627.93201
-144627.24248
-144625.82654
-144623.75797
-144621.88541
-144620.99065
-144621.12209
-144621.40113
-144621.32503
-144620.35416
-144618.17259
-144615.21387
-144612.35199
-144611.00754
-144610.78615
-144609.38174
-144607.54147
-144607.93581
-144611.87233
-144617.49921
-144621.77011
-144623.43050
-144623.31981
-144622.97389
-144623.05691
-144623.88249
-144625.04708
-144625.61438
-144625.38838
-144624.85798
-144624.03470
-144622.80093
-144608.36475
-144611.66939
-144614.46438
-144616.59983
-144618.43549
-144620.10972
-144621.33656
-144622.26131
-144623.23909
-144624.63890
-144625.97413
-144626.80432
-144627.20559
-144627.33473
-144627.10642
-144626.76051
-144626.67749
-144626.62675
-144626.59447
-144626.64290
-144626.71208
-144626.60831
-144626.48608
-144626.67979
-144626.80432
-144626.93116
-144627.39469
-144627.91356
-144628.21335
-144628.14647
-144627.73138
-144627.06261
-144626.38923
-144626.04792
-144626.01794
-144625.81039
-144625.36301
-144624.54665
-144623.10303
-144621.22356
-144619.24954
-144617.47154
-144615.86419
-144614.62120
-144614.33063
-144615.18619
-144616.90424
-144618.91746
-144620.49253
-144621.40574
-144625.72046
-144627.00265
-144627.10873
-144626.44457
-144625.43681
-144624.34833
-144623.12148
-144621.82084
-144620.56632
-144619.68309
-144619.55395
-144619.71998
-144619.92292
-144620.47639
-144621.34348
-144622.33049
-144623.18144
-144623.68648
-144623.90094
-144623.76719
-144623.19758
-144622.05606
-144620.96067
-144620.18351
-144619.59776
-144618.79754
-144617.48307
-144615.66586
-144613.65264
-144611.88847
-144610.82074
-144610.91068
-144612.32432
-144614.82183
-144617.63527
-144620.14200
-144622.00302
-144623.37285
-144624.59739
-144625.86113
-144627.15716
-144628.56849
-144629.76074
-144630.48717
-144630.81924
-144630.91610
-144630.88843
-144630.86537
-144630.92532
-144631.01757
-144625.72046
-144627.00265
-144627.10873
-144626.44457
-144625.43681
-144624.34833
-144623.12148
-144621.82084
-144620.56632
-144619.68309
-144619.55395
-144619.71998
-144619.92292
-144620.47639
-144621.34348
-144622.33049
-144623.18144
-144623.68648
-144623.90094
-144623.76719
-144623.19758
-144622.05606
-144620.96067
-144620.18351
-144619.59776
-144618.79754
-144617.48307
-144615.66586
-144613.65264
-144611.88847
-144610.82074
-144610.91068
-144612.32432
-144614.82183
-144617.63527
-144620.14200
-144622.00302
-144623.37285
-144624.59739
-144625.86113
-144627.15716
-144628.56849
-144629.76074
-144630.48717
-144630.81924
-144630.91610
-144630.88843
-144630.86537
-144630.92532
-144631.01757
-144599.64538
-144599.14496
-144599.29716
-144600.35105
-144602.15903
-144604.26450
-144606.38381
-144608.59305
-144611.43647
-144614.62120
-144617.11179
-144618.94744
-144620.43949
-144621.62482
-144622.54957
-144623.32672
-144623.95398
-144624.64120
-144625.00557
-144624.81416
-144624.50053
-144624.51206
-144624.77957
-144625.03093
-144624.87181
-144623.94476
-144622.28206
-144620.13047
-144618.00886
-144616.49606
-144615.56900
-144615.13085
-144615.89416
-144617.95582
-144620.43949
-144622.48730
-144623.63113
-144624.05315
-144624.33218
-144625.11165
-144626.70747
-144629.18191
-144631.74168
-144633.68342
-144634.58741
-144634.72808
-144634.28531
-144633.61193
-144632.88090
-144632.31821
-144597.01412
-144599.00659
-144600.77768
-144602.76554
-144605.14082
-144607.48382
-144609.43939
-144610.75156
-144611.86541
-144612.80860
-144613.21678
-144612.90546
-144612.39581
-144612.25975
-144612.61028
-144613.49351
-144614.65348
-144615.82037
-144617.00570
-144618.37092
-144620.11894
-144622.21749
-144624.46363
-144626.46763
-144628.00119
-144628.87290
-144629.27877
-144629.42405
-144629.20267
-144628.34710
-144626.99112
-144625.38838
-144623.49968
-144621.12671
-144618.58077
-144616.28851
-144614.49897
-144614.10002
-144615.85496
-144619.08811
-144622.10910
-144623.98858
-144625.28230
-144626.71439
-144628.93747
-144631.28508
-144632.74023
-144633.38824
-144633.36748
-144633.16455
-144597.01412
-144599.00659
-144600.77768
-144602.76554
-144605.14082
-144607.48382
-144609.43939
-144610.75156
-144611.86541
-144612.80860
-144613.21678
-144612.90546
-144612.39581
-144612.25975
-144612.61028
-144613.49351
-144614.65348
-144615.82037
-144617.00570
-144618.37092
-144620.11894
-144622.21749
-144624.46363
-144626.46763
-144628.00119
-144628.87290
-144629.27877
-144629.42405
-144629.20267
-144628.34710
-144626.99112
-144625.38838
-144623.49968
-144621.12671
-144618.58077
-144616.28851
-144614.49897
-144614.10002
-144615.85496
-144619.08811
-144622.10910
-144623.98858
-144625.28230
-144626.71439
-144628.93747
-144631.28508
-144632.74023
-144633.38824
-144633.36748
-144633.16455
-144617.24554
-144618.15875
-144618.50928
-144618.67993
-144618.94744
-144619.14115
-144618.54849
-144616.84197
-144614.54510
-144612.80860
-144612.34738
-144612.48344
-144612.28512
-144612.43040
-144613.36899
-144614.95328
-144616.62059
-144617.64449
-144617.92123
-144617.82668
-144617.91661
-144618.12878
-144617.72751
-144616.83044
-144616.04175
-144615.40066
-144614.64195
-144613.14991
-144610.89685
-144608.47083
-144606.48066
-144605.05780
-144603.85402
-144602.83703
-144602.64793
-144603.67414
-144605.87185
-144608.32093
-144609.76916
-144610.36644
-144611.45262
-144613.33439
-144615.41680
-144617.31472
-144618.79524
-144619.75227
-144620.69546
-144621.88541
-144623.14224
-144624.43365
-144624.65043
-144624.09466
-144623.74182
-144623.35209
-144622.95314
-144622.76865
-144622.91624
-144622.85397
-144622.11141
-144620.99295
-144620.01517
-144619.29336
-144618.59000
-144617.93276
-144617.32164
-144616.66210
-144615.50674
-144613.79100
-144612.37967
-144612.32432
-144612.80630
-144612.51803
-144611.95765
-144612.46499
-144614.06082
-144615.93106
-144617.45770
-144618.29712
-144618.66840
-144618.98895
-144619.58854
-144620.58477
-144621.53950
-144622.35816
-144623.25754
-144624.27223
-144625.15777
-144625.70662
-144626.18168
-144626.98881
-144628.22488
-144629.55319
-144630.78004
-144631.75091
-144632.40123
-144632.74023
-144632.81863
-144632.77482
-144632.80941
-144632.92933
-144631.90772
-144631.97921
-144632.01842
-144632.00919
-144631.96768
-144631.93078
-144631.94923
-144631.95846
-144631.97460
-144631.99305
-144631.99074
-144632.02303
-144632.02995
-144631.97229
-144631.95154
-144631.92156
-144631.89619
-144631.90772
-144631.93309
-144632.05070
-144632.13141
-144632.11066
-144632.08529
-144632.00689
-144631.87544
-144631.87313
-144631.85929
-144631.87544
-144631.96538
-144632.06454
-144632.20752
-144632.22366
-144632.18676
-144632.13141
-144632.08990
-144632.00689
-144631.99305
-144632.03917
-144632.10605
-144632.19368
-144632.23519
-144632.36664
-144632.38047
-144632.38047
-144632.41737
-144632.47733
-144632.49117
-144632.37817
-144632.33666
-144632.25825
-144632.25133
-144632.40815
-144632.95008
-144633.58195
-144634.14464
-144634.53898
-144634.60355
-144634.26456
-144633.52199
-144632.51653
-144631.98152
-144631.72554
-144631.57564
-144631.71862
-144633.07461
-144635.74507
-144638.18954
-144639.82226
-144640.30654
-144639.52247
-144637.52538
-144634.56435
-144631.82470
-144630.46641
-144630.33266
-144630.25656
-144631.02679
-144632.94086
-144635.14549
-144636.71825
-144637.41930
-144637.12643
-144635.92495
-144634.09160
-144631.99766
-144630.52406
-144630.26578
-144630.54712
-144630.71316
-144631.17438
-144632.17754
-144633.16916
-144633.77336
-144633.94632
-144633.65113
-144632.99159
-144632.01842
-144631.55720
-144631.64713
-144632.06684
-144631.99305
-144632.14064
-144632.26747
-144632.28592
-144632.24672
-144632.19368
-144632.21443
-144632.23750
-144632.27901
-144632.35511
-144632.41045
-144632.47041
-144632.53729
-144632.55574
-144632.56035
-144632.51884
-144632.49347
-144632.48194
-144632.45196
-144632.46119
-144632.47502
-144632.47502
-144632.53729
-144632.53959
-144632.51423
-144632.43582
-144632.32051
-144632.25594
-144632.17984
-144632.11297
-144632.08760
-144632.13141
-144632.35511
-144632.55112
-144632.64106
-144632.61339
-144632.35511
-144632.06454
-144631.86621
-144631.76244
-144631.68634
-144631.82701
-144632.29284
-144633.12534
-144633.72032
-144633.79181
-144633.32597
-144632.53498
-144631.99305
-144631.75783
-144631.75552
-144631.79934
-144632.00689
-144632.34819
-144632.76559
-144632.90396
-144632.80249
-144632.54882
-144632.16370
-144631.96307
-144631.88005
-144631.87774
-144631.85699
-144631.92156
-144632.04609
-144632.15909
-144632.15678
-144632.06684
-144631.88697
-144631.76705
-144631.70479
-144631.68173
-144631.72323
-144631.80164
-144631.90542
-144632.01842
-144632.04148
-144632.01380
-144631.94923
-144631.94693
-144631.95154
-144631.96307
-144632.00919
-144632.06454
-144632.11297
-144632.19829
-144632.25364
-144632.28592
-144632.30207
-144632.28823
-144632.32282
-144632.33896
-144632.36433
-144632.43351
-144632.47502
-144632.53268
-144632.58110
-144632.59033
-144632.58572
-144632.52576
-144632.33435
-144632.30898
-144632.34358
-144632.44504
-144632.59263
-144632.73331
-144632.70794
-144632.41968
-144631.95154
-144631.55489
-144631.43267
-144631.54797
-144631.79934
-144632.12680
-144632.43351
-144632.62953
-144632.65259
-144632.54882
-144632.41737
-144632.36664
-144632.36202
-144632.45657
-144632.59033
-144632.72869
-144632.86245
-144632.97775
-144633.05847
-144633.12765
-144633.17838
-144633.21298
-144633.26371
-144633.32367
-144633.33520
-144633.30983
-144633.30061
-144633.27524
-144633.20145
-144633.09306
-144632.98237
-144632.85092
-144632.71716
-144632.63645
-144632.59494
-144632.52576
-144632.37586
-144632.17062
-144631.87313
-144631.57795
-144631.33581
-144631.16055
-144631.13979
-144631.31967
-144631.55720
-144631.70940
-144631.76705
-144631.75321
-144631.73938
-144631.78781
-144631.91464
-144632.05762
-144632.20521
-144632.35741
-144632.51423
-144632.63414
-144632.86937
-144633.04924
-144632.92702
-144632.62492
-144632.25825
-144631.96307
-144631.73707
-144631.52491
-144631.67019
-144632.67335
-144634.08929
-144634.91488
-144634.61970
-144633.34212
-144631.84776
-144631.12826
-144631.26432
-144631.64713
-144632.07837
-144632.49117
-144632.80018
-144633.05616
-144633.16224
-144633.19222
-144633.24526
-144633.34904
-144633.48048
-144633.64422
-144633.83793
-144634.00397
-144634.12619
-144634.20229
-144634.19768
-144634.11697
-144633.96246
-144633.73646
-144632.00227
-144632.02303
-144632.05070
-144632.07376
-144632.08760
-144632.09221
-144632.07376
-144632.04148
-144631.99997
-144631.95846
-144631.92617
-144631.91234
-144631.91234
-144631.92848
-144631.95384
-144631.95615
-144631.92617
-144631.87544
-144631.82701
-144631.78550
-144631.77858
-144631.81548
-144631.91925
-144632.05762
-144632.16601
-144632.14756
-144632.02072
-144631.87774
-144631.76705
-144631.72554
-144631.73707
-144631.77166
-144631.80625
-144631.82932
-144631.83854
-144631.81548
-144631.78550
-144631.78089
-144631.79703
-144631.82240
-144631.85007
-144631.87544
-144631.88697
-144631.89389
-144631.90772
-144631.90772
-144631.89619
-144631.89850
-144631.90080
-144631.89619
-144631.89389
-144631.89158
-144631.88697
-144631.90311
-144631.92848
-144631.91003
-144631.85929
-144631.81779
-144631.78089
-144631.75091
-144631.75091
-144631.85238
-144632.04378
-144632.41045
-144632.77482
-144632.87859
-144632.64106
-144632.24211
-144631.91234
-144631.72554
-144631.71170
-144631.71862
-144631.87544
-144632.14064
-144632.41968
-144632.50731
-144632.30207
-144631.99997
-144631.78550
-144631.75321
-144631.76244
-144631.84315
-144631.98844
-144632.14986
-144632.28362
-144632.29054
-144632.17984
-144632.06915
-144632.00227
-144631.99305
-144632.02072
-144632.06915
-144632.11758
-144632.15678
-144632.17292
-144632.14064
-144632.10605
-144632.08529
-144632.07146
-144632.05301
-144632.48425
-144632.51884
-144632.55574
-144632.57880
-144632.58341
-144632.56957
-144632.51884
-144632.44735
-144632.36664
-144632.28362
-144632.22366
-144632.20060
-144632.21443
-144632.25364
-144632.30668
-144632.32513
-144632.29054
-144632.22135
-144632.14525
-144632.07837
-144632.05762
-144632.11297
-144632.19599
-144632.37125
-144632.51423
-144632.49808
-144632.33435
-144632.13603
-144632.00689
-144631.97229
-144631.99766
-144632.07146
-144632.14525
-144632.19137
-144632.20752
-144632.17754
-144632.13603
-144632.13372
-144632.16139
-144632.20290
-144632.23980
-144632.26747
-144632.27670
-144632.27901
-144632.28592
-144632.28362
-144632.26056
-144632.24441
-144632.24441
-144632.25133
-144632.26747
-144632.29745
-144632.32282
-144632.32974
-144632.34358
-144632.35972
-144632.34588
-144632.30668
-144632.26517
-144632.21443
-144632.14295
-144632.06684
-144632.04378
-144632.08529
-144632.28131
-144632.58110
-144632.79327
-144632.72869
-144632.42429
-144632.08760
-144631.86852
-144631.79934
-144631.85238
-144632.00919
-144632.11988
-144632.20521
-144632.27209
-144632.28592
-144632.25364
-144632.23519
-144632.23980
-144632.26286
-144632.28823
-144632.32513
-144632.35280
-144632.37586
-144632.39662
-144632.41737
-144632.42198
-144632.43121
-144632.44043
-144632.43582
-144632.42198
-144632.41276
-144632.38739
-144632.34819
-144632.31821
-144632.28823
-144632.25364
-144632.21443
-144632.08299
-144632.08529
-144632.09452
-144632.08529
-144632.05531
-144632.02995
-144632.00458
-144631.96999
-144631.94231
-144631.92156
-144631.91234
-144631.91234
-144631.91234
-144631.88005
-144631.82701
-144631.77858
-144631.72785
-144631.69787
-144631.70940
-144631.77628
-144631.84776
-144631.91234
-144631.92156
-144631.88927
-144631.78319
-144631.70479
-144631.67250
-144631.68403
-144631.73477
-144631.81548
-144631.89389
-144631.94923
-144631.94001
-144631.85699
-144631.75783
-144631.67711
-144631.62407
-144631.61024
-144631.63330
-144631.72093
-144631.86621
-144631.96307
-144631.99766
-144631.89619
-144631.75091
-144631.65636
-144631.60562
-144631.62407
-144631.69556
-144631.79011
-144631.88927
-144631.95615
-144631.92617
-144631.83162
-144631.75552
-144631.73707
-144631.74630
-144631.76936
-144631.79703
-144631.82470
-144631.84315
-144631.86391
-144631.86852
-144631.85238
-144631.84085
-144631.82932
-144631.81548
-144631.81779
-144631.82470
-144631.81779
-144631.81779
-144631.81087
-144631.80164
-144631.78781
-144631.80856
-144631.83854
-144631.87774
-144631.93309
-144631.96768
-144631.96768
-144631.95384
-144631.96307
-144631.96999
-144631.98844
-144632.02303
-144632.04840
-144632.08760
-144632.17984
-144632.22596
-144632.24903
-144632.23980
-144632.14986
-144632.10605
-144632.07376
-144632.04840
-144632.05762
-144632.13833
-144632.31821
-144632.57880
-144632.65721
-144632.46119
-144632.45427
-144632.45427
-144632.43813
-144632.39662
-144632.35972
-144632.31821
-144632.26747
-144632.21905
-144632.19137
-144632.17984
-144632.17754
-144632.17754
-144632.13372
-144632.05762
-144631.96999
-144631.88697
-144631.83623
-144631.79011
-144631.86391
-144631.99766
-144632.11988
-144632.14525
-144632.05301
-144631.91925
-144631.82701
-144631.79934
-144631.82932
-144631.88005
-144632.00227
-144632.13603
-144632.24441
-144632.31129
-144632.19829
-144632.04840
-144631.91003
-144631.82240
-144631.79242
-144631.83393
-144631.90311
-144632.08529
-144632.27439
-144632.32513
-144632.17523
-144631.93078
-144631.73477
-144631.67019
-144631.69787
-144631.80625
-144631.97691
-144632.17754
-144632.28362
-144632.25594
-144632.13141
-144632.01842
-144631.98152
-144631.99305
-144632.02764
-144632.07607
-144632.11527
-144632.14756
-144632.17754
-144632.19137
-144632.17984
-144632.16601
-144632.15217
-144632.12911
-144632.12219
-144632.12911
-144632.11988
-144632.11066
-144632.11297
-144632.08990
-144632.04148
-144632.00919
-144631.99305
-144631.97691
-144631.96538
-144631.96538
-144631.96076
-144631.94923
-144631.95384
-144631.94462
-144631.91925
-144631.91003
-144631.90772
-144631.90311
-144631.89389
-144631.88005
-144631.86852
-144631.89850
-144631.96076
-144631.99074
-144631.96307
-144631.92617
-144631.88005
-144631.81779
-144631.78781
-144631.84315
-144631.98613
-144632.32974
-144632.32974
-144632.39662
-144632.45657
-144632.43351
-144632.47041
-144632.47272
-144632.44274
-144632.42198
-144632.42198
-144632.43121
-144632.47502
-144632.56957
-144632.61108
-144632.57419
-144632.44274
-144632.36664
-144632.26978
-144632.19829
-144632.16831
-144632.18907
-144632.25825
-144632.36664
-144632.44966
-144632.52806
-144632.53959
-144632.55343
-144632.56035
-144632.59033
-144632.63184
-144632.65029
-144632.66412
-144632.69410
-144632.69872
-144632.68027
-144632.68257
-144632.67335
-144632.65259
-144632.66412
-144632.70563
-144632.74945
-144632.78865
-144632.81402
-144632.82324
-144632.83016
-144632.84169
-144632.85322
-144632.89243
-144632.93855
-144632.93394
-144632.89243
-144632.86245
-144632.83016
-144632.79096
-144632.76098
-144632.72408
-144632.65721
-144632.57419
-144632.49578
-144632.42660
-144632.38278
-144632.41045
-144632.49578
-144632.61800
-144632.66182
-144632.66182
-144632.57419
-144632.44966
-144632.33205
-144632.25594
-144632.23058
-144632.25364
-144632.28823
-144632.32513
-144632.37817
-144632.32974
-144632.25364
-144632.20982
-144632.20290
-144632.20752
-144632.27901
-144632.41737
-144632.60186
-144632.75867
-144632.84631
-144632.83016
-144632.73331
-144632.61339
-144632.50731
-144632.41737
-144632.36433
-144632.39200
-144632.38278
-144632.43813
-144632.42660
-144632.31821
-144632.17292
-144632.14986
-144632.16601
-144632.22827
-144632.47041
-144632.41276
-144632.41968
-144632.46119
-144632.46811
-144632.48194
-144632.49347
-144632.55112
-144632.60878
-144632.62723
-144632.65490
-144632.71486
-144632.76329
-144632.78173
-144632.69410
-144632.55112
-144632.41276
-144632.26517
-144632.16139
-144632.14295
-144632.19368
-144632.30437
-144632.46580
-144632.60417
-144632.68257
-144632.74714
-144632.84400
-144632.86475
-144632.90857
-144632.97775
-144633.01465
-144633.03771
-144633.08383
-144633.10228
-144633.09075
-144633.09306
-144633.09075
-144633.06539
-144633.07692
-144633.13918
-144633.19453
-144633.24065
-144633.26832
-144633.27524
-144633.27524
-144633.28216
-144633.29138
-144633.33289
-144633.39516
-144633.40669
-144633.37440
-144633.34673
-144633.31675
-144633.27755
-144633.25218
-144633.21759
-144633.14149
-144633.04232
-144632.94086
-144632.83478
-144632.75176
-144632.74484
-144632.75637
-144632.84631
-144632.92933
-144632.92241
-144632.82094
-144632.66412
-144632.50270
-144632.37817
-144632.31590
-144632.30437
-144632.29515
-144632.24211
-144632.25594
-144632.26517
-144632.20752
-144632.12680
-144632.11297
-144632.18676
-144632.32051
-144632.50270
-144632.74714
-144633.03079
-144633.25679
-144633.30291
-144633.21759
-144633.06077
-144632.84861
-144632.65259
-144632.44504
-144632.25825
-144632.10374
-144632.02764
-144631.94923
-144631.81317
-144631.69326
-144631.60332
-144631.65866
-144631.79934
-144597.01412
-144599.00659
-144600.77768
-144602.76554
-144605.14082
-144607.48382
-144609.43939
-144610.75156
-144611.86541
-144612.80860
-144613.21678
-144612.90546
-144612.39581
-144612.25975
-144612.61028
-144613.49351
-144614.65348
-144615.82037
-144617.00570
-144618.37092
-144620.11894
-144622.21749
-144624.46363
-144626.46763
-144628.00119
-144628.87290
-144629.27877
-144629.42405
-144629.20267
-144628.34710
-144626.99112
-144625.38838
-144623.49968
-144621.12671
-144618.58077
-144616.28851
-144614.49897
-144614.10002
-144615.85496
-144619.08811
-144622.10910
-144623.98858
-144625.28230
-144626.71439
-144628.93747
-144631.28508
-144632.74023
-144633.38824
-144633.36748
-144633.16455
-144632.96622
-144632.83016
-144632.77943
-144632.84400
-144632.98006
-144633.08845
-144633.15763
-144633.19683
-144633.05616
-144632.74484
-144632.16370
-144631.27816
-144630.28192
-144629.54166
-144629.13118
-144628.93747
-144629.00204
-144629.35026
-144629.87605
-144630.30960
-144630.58633
-144630.79618
-144631.21589
-144632.07146
-144632.96853
-144633.46895
-144633.89097
-144634.12158
-144634.18384
-144634.05701
-144633.70187
-144633.16455
-144632.56957
-144632.03686
-144631.60332
-144631.30583
-144631.24126
-144631.43036
-144631.75783
-144632.09913
-144632.40353
-144632.71025
-144633.03771
-144633.37671
-144633.69726
-144633.95093
-144634.05470
-144634.01550
-144633.66036
-144633.22220
-144624.65043
-144624.09466
-144623.74182
-144623.35209
-144622.95314
-144622.76865
-144622.91624
-144622.85397
-144622.11141
-144620.99295
-144620.01517
-144619.29336
-144618.59000
-144617.93276
-144617.32164
-144616.66210
-144615.50674
-144613.79100
-144612.37967
-144612.32432
-144612.80630
-144612.51803
-144611.95765
-144612.46499
-144614.06082
-144615.93106
-144617.45770
-144618.29712
-144618.66840
-144618.98895
-144619.58854
-144620.58477
-144621.53950
-144622.35816
-144623.25754
-144624.27223
-144625.15777
-144625.70662
-144626.18168
-144626.98881
-144628.22488
-144629.55319
-144630.78004
-144631.75091
-144632.40123
-144632.74023
-144632.81863
-144632.77482
-144632.80941
-144632.92933
-144633.05616
-144633.15532
-144633.19914
-144633.03541
-144632.82555
-144632.63414
-144632.56035
-144632.54651
-144632.65721
-144632.80480
-144632.89935
-144632.95239
-144632.78865
-144632.39431
-144632.00227
-144631.67019
-144631.39116
-144631.10289
-144630.77543
-144630.38800
-144630.03056
-144629.73076
-144629.53475
-144629.53936
-144629.55319
-144629.44942
-144629.16116
-144628.83830
-144628.73914
-144628.74145
-144628.77143
-144628.43474
-144627.70370
-144626.98189
-144626.48378
-144626.00641
-144625.21311
-144624.25378
-144623.55733
-144623.31981
-144623.23909
-144622.92316
-144622.50806
-144622.37431
-144622.44118
-144622.33280
-144621.97996
-144621.70323
-144621.56717
-144621.62944
-144633.41130
-144633.40899
-144633.45973
-144633.47356
-144633.43667
-144633.38593
-144633.37210
-144633.33750
-144633.22220
-144633.12534
-144633.00773
-144632.89704
-144632.83478
-144632.80941
-144632.69641
-144632.59494
-144632.39892
-144632.15448
-144631.98844
-144631.91234
-144631.85238
-144631.86391
-144632.07146
-144632.43351
-144632.75637
-144632.80710
-144632.60647
-144632.38509
-144632.24903
-144632.20982
-144632.27670
-144632.43813
-144632.66182
-144632.88782
-144633.06308
-144633.07692
-144632.96392
-144632.80018
-144632.72639
-144632.72408
-144632.78404
-144632.85784
-144632.89012
-144632.88782
-144632.85553
-144632.72178
-144632.60186
-144632.53498
-144632.59955
-144632.71947
-144632.79788
-144632.71947
-144632.51653
-144632.32513
-144632.15909
-144632.00689
-144631.89389
-144631.90542
-144632.01380
-144632.15448
-144632.22135
-144632.18907
-144632.17523
-144632.26517
-144632.41276
-144632.57649
-144632.81402
-144633.01234
-144633.12765
-144633.23142
-144633.29369
-144633.31444
-144633.35826
-144633.36748
-144633.35365
-144633.33981
-144633.35134
-144633.35826
-144633.35595
-144633.38132
-144633.43206
-144633.47587
-144633.51277
-144633.55428
-144633.58887
-144633.62577
-144633.64191
-144633.63038
-144633.63960
-144633.68342
-144633.72032
-144633.76413
-144633.84023
-144633.88174
-144633.84023
-144633.73877
-144633.60040
-144633.39746
-144633.15994
-144632.89704
-144627.15024
-144627.48232
-144627.53766
-144627.25401
-144626.82738
-144626.34772
-144625.77580
-144625.03324
-144624.20304
-144623.52505
-144623.15838
-144623.19528
-144623.65880
-144624.26300
-144624.71269
-144624.98712
-144624.95483
-144624.51437
-144624.02547
-144624.04162
-144624.76112
-144626.13786
-144627.59762
-144628.49931
-144628.66535
-144628.39092
-144627.98735
-144627.52613
-144627.06491
-144626.69594
-144626.28315
-144625.56134
-144624.39214
-144622.82861
-144621.00448
-144619.00971
-144617.19711
-144615.69584
-144614.84489
-144614.85873
-144615.58745
-144616.57677
-144617.51997
-144618.11494
-144618.72836
-144619.46862
-144620.00133
-144620.14892
-144620.24808
-144621.00218
-144622.67640
-144624.86951
-144627.12718
-144629.09659
-144630.50100
-144631.12134
-144630.94147
-144630.27962
-144629.38716
-144628.65612
-144628.20413
-144627.91125
-144627.59993
-144627.23787
-144627.04185
-144627.14101
-144627.76827
-144628.89826
-144630.39262
-144631.84315
-144632.93855
-144633.56350
-144633.77105
-144633.55889
-144633.03541
-144632.19137
-144631.13979
-144630.05592
-144629.09889
-144628.58694
-144628.45088
-144628.32174
-144627.74060
-144626.51837
-144624.69885
-144622.51959
-144620.52943
-144619.17113
-144618.42165
-144618.27637
-144618.93130
-144620.33571
-144621.91539
-144623.13301
-144623.79486
-144624.08774
-144624.41290
-144625.13932
-144626.38461
-144628.12572
-144633.76183
-144633.79642
-144633.81948
-144633.87483
-144633.84946
-144633.64652
-144633.29600
-144632.84400
-144632.42429
-144632.13372
-144632.09913
-144632.76790
-144633.83793
-144634.49978
-144634.37294
-144633.52199
-144632.30668
-144631.15593
-144630.52637
-144630.48255
-144630.75929
-144631.24818
-144631.87083
-144632.27670
-144632.50500
-144632.46811
-144632.35972
-144632.30668
-144632.46349
-144632.71486
-144632.94086
-144633.78258
-144634.55051
-144635.19622
-144635.59287
-144635.78428
-144635.80503
-144635.68050
-144635.31844
-144634.67274
-144633.83332
-144632.67104
-144631.27355
-144629.74691
-144628.12803
-144626.57371
-144625.14393
-144623.57348
-144621.64788
-144619.59084
-144617.74827
-144616.18473
-144614.67193
-144612.92391
-144610.94527
-144609.13499
-144607.93581
-144607.43308
-144607.71673
-144608.76601
-144610.36183
-144612.14214
-144613.99855
-144615.83882
-144617.39313
-144618.47469
-144619.15268
-144619.62543
-144620.13047
-144620.89379
-144622.18290
-144623.57117
-144624.24916
-144623.70954
-144622.24286
-144620.64704
-144619.37176
-144618.02269
-144615.79270
-144613.31133
-144611.71551
-144611.21970
-144611.52872
-144612.31510
-144613.61113
-144615.53903
-144617.78286
-144619.23340
-144619.22879
-144618.60614
-144617.58684
-144616.21010
-144614.32140
-144611.80776
-144609.63541
-144608.60919
-144608.23099
-144607.45153
-144606.16012
-144604.68421
-144623.05691
-144623.88249
-144625.04708
-144625.61438
-144625.38838
-144624.85798
-144624.03470
-144622.80093
-144622.35097
-144620.27806
-144620.38184
-144621.32734
-144622.25439
-144623.06844
-144624.16615
-144625.67895
-144627.60915
-144629.28799
-144630.39031
-144630.21043
-144629.73307
-144629.32950
-144628.95591
-144628.81755
-144624.21227
-144625.87958
-144627.93431
-144629.80917
-144629.62238
-144629.38254
-144629.62699
-144630.13894
-144630.77312
-144631.45803
-144628.09805
-144627.73138
-144627.38315
-144624.20996
-144623.92631
-144623.95629
-144624.14770
-144628.11188
-144628.08652
-144628.14417
-144628.11188
-144628.08652
-144628.14417
-144625.11165
-144626.70747
-144629.18191
-144631.74168
-144630.99681
-144630.28884
-144629.75152
-144629.33642
-144628.99973
-144628.72761
-144628.55004
-144628.53620
-144628.67918
-144628.99742
-144629.25801
-144629.44481
-144629.64083
-144629.91064
-144630.21966
-144630.69010
-144631.26663
-144631.89850
-144632.52345
-144633.10228
-144623.49968
-144621.12671
-144623.98858
-144625.28230
-144626.71439
-144628.93747
-144631.28508
-144631.27816
-144630.28192
-144629.54166
-144629.13118
-144628.93747
-144629.00204
-144629.35026
-144629.87605
-144630.30960
-144623.49968
-144621.12671
-144623.98858
-144625.28230
-144626.71439
-144628.93747
-144631.28508
-144631.27816
-144630.28192
-144629.54166
-144629.13118
-144628.93747
-144629.00204
-144629.35026
-144629.87605
-144630.30960
-144629.77227
-144630.09513
-144630.31190
-144630.41337
-144630.44796
-144630.25886
-144629.76766
-144629.19575
-144628.66765
-144628.23180
-144627.86974
-144627.57687
-144627.51230
-144627.74521
-144628.16031
-144628.41629
-144628.45088
-144628.46010
-144628.51776
-144628.63998
-144628.80371
-144629.03432
-144629.42175
-144629.86913
-144630.37186
-144630.44104
-144630.09974
-144629.64544
-144629.35487
-144629.02049
-144628.47163
-144627.58840
-144626.69594
-144626.10327
-144625.91186
-144626.09635
-144626.44918
-144626.69824
-144632.40123
-144632.74023
-144632.81863
-144632.77482
-144632.80941
-144632.92933
-144632.82555
-144632.63414
-144632.56035
-144632.54651
-144632.65721
-144632.80480
-144632.89935
-144632.95239
-144632.78865
-144632.39431
-144632.00227
-144631.67019
-144631.39116
-144631.10289
-144630.77543
-144630.38800
-144630.03056
-144629.73076
-144629.53475
-144629.53936
-144629.55319
-144629.44942
-144629.16116
-144628.83830
-144628.73914
-144628.74145
-144628.77143
-144628.43474
-144627.70370
-144626.98189
-144626.48378
-144626.00641
-144625.21311
-144624.25378
-144623.55733
-144633.87021
-144632.78865
-144631.44420
-144630.00519
-144628.51545
-144627.04877
-144625.67664
-144624.46133
-144623.53427
-144623.07767
-144623.17913
-144623.70723
-144623.09842
-144622.81708
-144623.00156
-144623.67264
-144624.68732
-144625.79886
-144626.84583
-144627.57225
-144628.07729
-144628.58233
-144629.18883
-144629.96829
-144630.80541
-144633.37440
-144633.22451
-144630.25425
-144629.81609
-144629.98674
-144630.53559
-144631.02218
-144630.80079
-144630.26347
-144629.71693
-144629.44020
-144629.69617
-144630.44796
-144631.21820
-144630.94147
-144630.77543
-144630.81002
-144631.04755
-144631.41883
-144630.77312
-144631.45803
-144632.20521
-144631.44650
-144630.07899
-144628.99973
-144628.44396
-144628.09805
-144627.73138
-144627.38315
-144626.86659
-144626.24855
-144625.60515
-144625.11626
-144624.69655
-144624.20996
-144623.92631
-144623.95629
-144624.14770
-144624.32527
-144624.53512
-144631.23204
-144631.04985
-144630.88612
-144630.60478
-144630.00980
-144628.96514
-144627.51230
-144625.99027
-144625.41144
-144625.03785
-144625.14854
-144625.74813
-144626.63137
-144627.37162
-144627.46387
-144626.75128
-144625.52905
-144624.39906
-144623.65419
-144623.41897
-144623.77641
-144624.62045
-144625.64666
-144626.58986
-144627.03032
-144626.86659
-144626.28776
-144625.69509
-144625.61899
-144626.24625
-144626.99342
-144627.70601
-144628.14878
-144628.20413
-144627.83054
-144627.20559
-144626.43074
-144625.53827
-144624.50975
-144623.39821
-144630.30498
-144629.95676
-144629.39638
-144629.03663
-144629.29491
-144629.92909
-144630.43643
-144630.50792
-144630.07899
-144629.27646
-144628.47394
-144627.85591
-144627.62760
-144627.74291
-144627.96890
-144628.07498
-144627.78903
-144626.98651
-144625.86343
-144624.74036
-144624.03931
-144623.73029
-144623.63805
-144623.73952
-144623.97243
-144624.18921
-144624.34141
-144629.11042
-144629.17269
-144629.28569
-144629.54397
-144629.97982
-144630.44796
-144630.66012
-144630.43182
-144629.78842
-144628.88212
-144627.97352
-144627.18714
-144626.41920
-144625.79425
-144625.52444
-144625.50830
-144625.46217
-144625.17391
-144624.74498
-144624.50053
-144631.26893
-144630.91841
-144630.36033
-144630.46180
-144631.97921
-144631.82932
-144631.52260
-144623.05691
-144623.88249
-144625.04708
-144625.61438
-144625.38838
-144624.85798
-144624.03470
-144622.80093
-144625.11165
-144626.70747
-144629.18191
-144631.74168
-144623.49968
-144621.12671
-144623.98858
-144625.28230
-144626.71439
-144628.93747
-144631.28508
-144623.49968
-144621.12671
-144623.98858
-144625.28230
-144626.71439
-144628.93747
-144631.28508
-144632.40123
-144632.74023
-144632.81863
-144632.77482
-144632.80941
-144632.92933
-144623.49968
-144621.12671
-144623.98858
-144625.28230
-144626.71439
-144628.93747
-144631.28508
-144631.27816
-144630.28192
-144629.54166
-144629.13118
-144628.93747
-144629.00204
-144629.35026
-144629.87605
-144630.30960
-144632.40123
-144632.74023
-144632.81863
-144632.77482
-144632.80941
-144632.92933
-144632.82555
-144632.63414
-144632.56035
-144632.54651
-144632.65721
-144632.80480
-144632.89935
-144632.95239
-144632.78865
-144632.39431
-144632.00227
-144631.67019
-144631.39116
-144631.10289
-144630.77543
-144630.38800
-144630.03056
-144629.73076
-144629.53475
-144629.53936
-144629.55319
-144629.44942
-144629.16116
-144628.83830
-144628.73914
-144628.74145
-144628.77143
-144628.43474
-144627.70370
-144626.98189
-144626.48378
-144626.00641
-144625.21311
-144624.25378
-144623.55733
-144631.27355
-144629.74691
-144628.12803
-144626.57371
-144625.14393