30.0669318
25.1457144
21.2668542
18.9238566
17.6785626
16.7492043
15.3747687
13.3776861
10.953975
8.232777
6.3763665
5.465457
4.84281
4.3516107
4.0056957
3.7289637
3.3968853
3.1224594
3.0163788
3.7059027
5.1218481
7.1904198
9.062973
9.9577398
9.8262921
9.547254
9.6233553
10.5942234
12.775794
15.7345203
18.5963904
19.9408467
20.1622323
21.5666472
23.406915
23.0125719
19.0760592
13.4491752
9.178278
7.517886
7.6285788
7.9744938
7.8914742
7.0658904
5.9013099
5.3340093
5.5600071
6.0904101
6.9136878
8.1474513
8.597415649
10.6703247
10.5665502
9.6210492
8.693997
7.8799437
6.7822401
5.2694385
3.3392328
1.660392
0.5580762
-0.1245294
-0.6733812
-1.337538
-1.9740216
-2.5021185
-2.905686
-3.2100912
-3.4453134
-3.6966783
-3.9687981
-4.1140824
-3.9180639
-3.2308461
-2.2876512
-1.3260075
-0.5211786
0.1337538
0.737952
1.2153147
1.6188822
1.9924704
2.1308364
1.9163691
1.2983343
0.4035675
-0.4174041
-0.8717058
-0.9800925
-1.0285206
-1.2037842
-1.3536807
-1.4136393
-1.2591306
-0.9062973
-0.4704444
-0.2467527
-0.69183
-1.8633288
-3.1432143
22.5836373
19.278996
16.4840028
14.3485542
12.5128986
10.83867
9.6118248
8.6870787
7.7092923
6.3094896
4.9742577
4.1440617
3.7428003
3.6136587
3.8419626
4.1878776
4.2708972
4.3216314
4.3539168
4.3054887
4.2363057
4.3400802
4.4623035
4.2685911
4.1440617
4.0172262
3.5537001
3.0348276
2.7350346
2.8019115
3.2170095
3.8857785
4.5591597
4.9004625
4.9304418
5.1379908
5.5853742
6.4017336
7.8453522
9.7248237
11.6988453
13.4768484
15.0842001
16.327188
16.6177566
15.7621935
14.044149
12.0309237
10.4558574
9.5426418
8.878485
8.0090853
6.7361181
5.0688078
3.0140727
1.1392134
-0.23061
-1.1507439
-1.8079824
-2.0408985
-1.867941
-1.1968659
-0.4289346
0.2813442
0.7448703
1.0285206
1.3260075
1.5658419
1.3213953
0.8094411
0.1752636
-0.5096481
-1.2568245
-1.8264312
-2.2069377
-2.6889126
-3.1778058
-3.5006598
-3.6528624
-3.4914354
-2.8411152
-1.7457177
-0.4981176
0.8693997
1.9486545
2.5044246
2.8503396
3.2170095
3.5652306
4.081797
4.6998318
5.3432337
5.8321269
6.2518371
6.7384242
7.0220745
6.9920952
6.8006889
6.6231192
6.4132641
5.2279287
3.9457371
3.8396565
4.5038133
5.511579
6.6000582
7.8269034
9.1275438
10.3820622
11.2652985
11.3944401
11.2284009
11.0254641
10.4720001
9.6049065
8.6178957
7.7669448
7.2619089
7.0474416
7.1811954
7.7508021
8.8923216
9.9877191
10.7648748
11.3506242
12.1508409
13.4653179
15.2825247
17.29575
19.0599165
20.1276408
20.0377029
18.6240636
16.1265573
13.3131153
10.8063846
8.9453619
7.5755385
6.3509994
5.0872566
3.7912284
2.3798952
1.1876415
0.46122
0.1291416
0.0322854
0.0599586
0.0830196
0.023061
-0.069183
-0.1821819
-0.3966492
-0.6018921
-0.6549324
-0.6664629
-0.8578692
-1.1599683
-1.5773724
-2.0547351
-2.4121806
-2.2253865
-1.2637428
0.2375283
1.7203506
2.6427906
2.9633385
3.2031729
3.9134517
5.4839058
7.9721877
10.6657125
12.6166731
13.5760107
13.7143767
12.7481208
10.3659195
7.2918882
4.7551782
3.320784
2.836503
2.8618701
2.8042176
2.0708778
0.5719128
-1.0631121
-2.3383854
-2.9910117
-3.0348276
-2.5090368
-1.6949835
-0.7333398
0.2813442
1.1161524
1.637331
1.8149007
1.6165761
1.1645805
0.7587069
0.3343845
-0.1014684
5.2279287
3.9457371
3.8396565
4.5038133
5.511579
6.6000582
7.8269034
9.1275438
10.3820622
11.2652985
11.3944401
11.2284009
11.0254641
10.4720001
9.6049065
8.6178957
7.7669448
7.2619089
7.0474416
7.1811954
7.7508021
8.8923216
9.9877191
10.7648748
11.3506242
12.1508409
13.4653179
15.2825247
17.29575
19.0599165
20.1276408
20.0377029
18.6240636
16.1265573
13.3131153
10.8063846
8.9453619
7.5755385
6.3509994
5.0872566
3.7912284
2.3798952
1.1876415
0.46122
0.1291416
0.0322854
0.0599586
0.0830196
0.023061
-0.069183
-0.1821819
-0.3966492
-0.6018921
-0.6549324
-0.6664629
-0.8578692
-1.1599683
-1.5773724
-2.0547351
-2.4121806
-2.2253865
-1.2637428
0.2375283
1.7203506
2.6427906
2.9633385
3.2031729
3.9134517
5.4839058
7.9721877
10.6657125
12.6166731
13.5760107
13.7143767
12.7481208
10.3659195
7.2918882
4.7551782
3.320784
2.836503
2.8618701
2.8042176
2.0708778
0.5719128
-1.0631121
-2.3383854
-2.9910117
-3.0348276
-2.5090368
-1.6949835
-0.7333398
0.2813442
1.1161524
1.637331
1.8149007
1.6165761
1.1645805
0.7587069
0.3343845
-0.1014684
31.3030014
31.8034251
31.6512225
30.5973348
28.7893524
26.6838831
24.5645772
22.3553334
19.5119121
16.327188
13.8366
12.0009444
10.5088977
9.3235623
8.3988162
7.6216605
6.9944013
6.3071835
5.9428197
6.134226
6.4478556
6.4363251
6.1688175
5.9174526
6.0765735
7.0036257
8.6663238
10.8179151
12.9395271
14.4523287
15.3793809
15.8175399
15.0542208
12.9925674
10.5088977
8.4610809
7.3172553
6.895239
6.6162009
5.8367391
4.2409179
1.7664726
-0.7932984
-2.7350346
-3.6390258
-3.7796979
-3.3369267
-2.6635455
-1.9325118
-1.3698234
-1.0907853
-1.037745
-1.083867
-1.0861731
-1.0308267
-1.0631121
-1.3075587
-1.7088201
-2.1746523
-2.4260172
-2.3130183
-1.7318811
-0.8924607
-0.0484281
0.6595446
1.1968659
1.6119639
1.9486545
2.2207743
2.398344
2.4121806
2.2692024
1.9509606
1.6903713
1.5035772
1.3075587
1.037745
0.7287276
0.2582832
-0.3182418
-0.9501132
-1.5750663
-2.1538974
-2.5205673
-2.8111359
-2.9702568
-3.1801119
-3.4084158
-3.7428003
-4.1071641
-4.3954266
-4.519956
-4.5061194
-4.4254059
-4.3723656
-4.3908144
-4.4461608
-4.4599974
-4.2224691
-3.666699
33.9342615
31.9417911
30.1707063
28.1828481
25.8075651
23.4645675
21.5089947
20.1968238
19.0829775
18.1397826
17.7316029
18.0429264
18.5525745
18.6886344
18.3381072
17.4548709
16.2949026
15.128016
13.9426806
12.5774694
10.8294456
8.7308946
6.4847532
4.4807523
2.9471958
2.07549
1.6696164
1.5243321
1.7457177
2.6012808
3.9572676
5.5600071
7.448703
9.8216799
12.3676143
14.6598777
16.4494113
16.8483666
15.0934245
11.8602723
8.8392813
6.9598098
5.6660877
4.2339996
2.0109192
-0.3366906
-1.7918397
-2.4398538
-2.4190989
-2.2161621
-2.0178375
-1.8817776
-1.8310434
-1.8956142
-2.0316741
-2.1400608
-2.2092438
-2.2484475
-2.1077754
-1.7964519
-1.2153147
-0.3297723
0.6664629
1.406721
1.8172068
2.0109192
1.9463484
1.5981273
1.0723365
0.6387897
0.3620577
0.1522026
-0.2675076
-1.1230707
-2.0201436
-2.5205673
-2.9425836
-3.1731936
-3.2354583
-3.1086228
-2.7534834
-2.2161621
-1.6211883
-1.0884792
-0.6549324
-0.3574455
-0.2928747
-0.4819749
-0.8094411
-1.1507439
-1.4551491
-1.7618604
-2.0893266
-2.4283233
-2.7488712
-3.0025422
-3.1063167
-3.067113
-2.7119736
-2.2738146
33.9342615
31.9417911
30.1707063
28.1828481
25.8075651
23.4645675
21.5089947
20.1968238
19.0829775
18.1397826
17.7316029
18.0429264
18.5525745
18.6886344
18.3381072
17.4548709
16.2949026
15.128016
13.9426806
12.5774694
10.8294456
8.7308946
6.4847532
4.4807523
2.9471958
2.07549
1.6696164
1.5243321
1.7457177
2.6012808
3.9572676
5.5600071
7.448703
9.8216799
12.3676143
14.6598777
16.4494113
16.8483666
15.0934245
11.8602723
8.8392813
6.9598098
5.6660877
4.2339996
2.0109192
-0.3366906
-1.7918397
-2.4398538
-2.4190989
-2.2161621
-2.0178375
-1.8817776
-1.8310434
-1.8956142
-2.0316741
-2.1400608
-2.2092438
-2.2484475
-2.1077754
-1.7964519
-1.2153147
-0.3297723
0.6664629
1.406721
1.8172068
2.0109192
1.9463484
1.5981273
1.0723365
0.6387897
0.3620577
0.1522026
-0.2675076
-1.1230707
-2.0201436
-2.5205673
-2.9425836
-3.1731936
-3.2354583
-3.1086228
-2.7534834
-2.2161621
-1.6211883
-1.0884792
-0.6549324
-0.3574455
-0.2928747
-0.4819749
-0.8094411
-1.1507439
-1.4551491
-1.7618604
-2.0893266
-2.4283233
-2.7488712
-3.0025422
-3.1063167
-3.067113
-2.7119736
-2.2738146
13.7028462
12.7896306
12.4391034
12.268452
12.0009444
11.807232
12.3998997
14.1064137
16.4032893
18.1397826
18.6010026
18.4649427
18.6632673
18.517983
17.5794003
15.9951096
14.3277993
13.3038909
13.0271589
13.121709
13.0317711
12.8196099
13.2208713
14.1179442
14.9066304
15.5477262
16.3064331
17.7984798
20.0515395
22.4775567
24.467721
25.8905847
27.0943689
28.111359
28.3004592
27.2742447
25.0765314
22.6274532
21.1792224
20.5819425
19.4957694
17.6139918
15.5315835
13.6336632
12.153147
11.1961155
10.2529206
9.062973
7.8061485
6.5147325
5.2417653
4.1809593
3.3738243
2.8618701
2.6819943
2.4998124
2.3061
2.1423669
2.1631218
2.0916327
1.8287373
1.4828223
1.176111
0.853257
0.6364836
0.5350152
0.5004237
0.6895239
1.1807232
1.752636
2.2807329
2.7165858
3.0786435
3.3715182
3.436089
3.2031729
2.7880749
2.5320978
2.4975063
2.4882819
2.4306294
2.3084061
2.144673
1.914063
1.5266382
1.0792548
0.576525
0.507342
0.8486448
1.3029465
1.5935151
1.9278996
2.4767514
3.3599877
4.2524484
4.8451161
5.0365224
4.8520344
4.4992011
4.2501423
6.2979591
6.8537292
7.2065625
7.5962934
7.9952487
8.1797367
8.0321463
8.094411
8.8369752
9.9554337
10.9332201
11.6550294
12.3583899
13.0156284
13.6267449
14.2862895
15.4416456
17.157384
18.5687172
18.6240636
18.1420887
18.4303512
18.9907335
18.4833915
16.8875703
15.0173232
13.490685
12.6512646
12.2799825
11.9594346
11.3598486
10.3636134
9.408888
8.5902225
7.6908435
6.6761595
5.7906171
5.2417653
4.7667087
3.9595737
2.7235041
1.3951905
0.1683453
-0.8025228
-1.452843
-1.7918397
-1.8702471
-1.8264312
-1.8610227
-1.9809399
-2.1077754
-2.2069377
-2.2507536
-2.0870205
-1.8771654
-1.6857591
-1.6119639
-1.5981273
-1.7088201
-1.8564105
-1.9509606
-2.0040009
-1.8402678
-1.4459247
-1.0538877
-0.7218093
-0.4427712
-0.1545087
0.1729575
0.5603823
0.9178278
1.2176208
1.4136393
1.4090271
1.3951905
1.498965
1.7872275
2.1100815
2.2092438
2.2069377
2.1769584
2.513649
3.2446827
3.966492
4.4646096
4.9419723
5.7352707
6.6946083
7.3910505
7.6285788
7.7092923
8.025228
8.440326
8.5740798
8.5072029
8.6155896
8.9684229
9.2451549
9.3812148
9.3189501
24.4308234
20.3121288
17.0120997
14.3070444
12.0078627
9.8493531
7.7923119
5.6822304
3.6044343
1.8172068
0.6503202
0.2628954
0.5004237
0.9754803
1.429782
1.9002264
2.5782198
3.5306391
4.5038133
5.2002555
5.5992108
5.9889417
6.7983828
8.3342454
10.4581635
12.9856491
15.8751924
19.9085613
24.9888996
28.664823
27.7908111
22.6643508
16.4747784
11.3367876
7.5040494
4.7159745
2.8157481
1.6742286
0.7679313
-0.345915
-1.7088201
-2.9149104
-3.6021282
-3.5882916
-2.9218287
-1.8402678
-0.4958115
0.9431949
2.4329355
3.8996151
5.2717446
6.4870593
7.4141115
7.8707193
7.7692509
7.241154
7.8499644
8.1313086
7.9468206
7.2757455
6.2610615
5.1495213
4.1025519
3.3761304
2.8710945
2.3660586
1.7595543
0.9800925
0.1429782
-0.6434019
-1.2637428
-1.8056763
-2.2299987
-2.4260172
-2.2761207
-1.8056763
-1.0239084
-0.1176111
0.6941361
1.1322951
0.9616437
0.4127919
-0.0737952
0.1475904
0.6849117
1.2314574
1.5081894
1.2522123
0.5004237
-0.3159357
-0.8186655
-0.8647875
-0.5903616
-0.2698137
0.0069183
0.1729575
0.138366
-0.0991623
-0.4704444
-0.9155217
22.5836373
19.278996
16.4840028
14.3485542
12.5128986
10.83867
9.6118248
8.6870787
7.7092923
6.3094896
4.9742577
4.1440617
3.7428003
3.6136587
3.8419626
4.1878776
4.2708972
4.3216314
4.3539168
4.3054887
4.2363057
4.3400802
4.4623035
4.2685911
4.1440617
4.0172262
3.5537001
3.0348276
2.7350346
2.8019115
3.2170095
3.8857785
4.5591597
4.9004625
4.9304418
5.1379908
5.5853742
6.4017336
7.8453522
9.7248237
11.6988453
13.4768484
15.0842001
16.327188
16.6177566
15.7621935
14.044149
12.0309237
10.4558574
9.5426418
8.878485
8.0090853
6.7361181
5.0688078
3.0140727
1.1392134
-0.23061
-1.1507439
-1.8079824
-2.0408985
-1.867941
-1.1968659
-0.4289346
0.2813442
0.7448703
1.0285206
1.3260075
1.5658419
1.3213953
0.8094411
0.1752636
-0.5096481
-1.2568245
-1.8264312
-2.2069377
-2.6889126
-3.1778058
-3.5006598
-3.6528624
-3.4914354
-2.8411152
-1.7457177
-0.4981176
0.8693997
1.9486545
2.5044246
2.8503396
3.2170095
3.5652306
4.081797
4.6998318
5.3432337
5.8321269
6.2518371
6.7384242
7.0220745
6.9920952
6.8006889
6.6231192
6.4132641
3.7981467
3.4660683
3.4107219
3.6943722
4.1210007
4.6006695
5.1725823
5.9151465
6.7453425
7.4233359
7.7900058
7.7531082
7.2895821
6.6853839
6.2356944
5.9612685
5.9935539
6.434019
6.9229122
6.9067695
6.1872663
4.8105246
3.3507633
2.4490782
2.283039
2.5574649
2.9610324
3.4222524
3.8834724
4.2524484
4.6652403
5.3870496
6.5562423
8.1197781
9.9439032
11.9386797
13.7512743
15.2525454
16.1034963
16.0896597
15.3609321
14.3716152
13.4284203
12.8334465
12.2200239
11.4797658
10.9470567
10.7994663
10.700304
9.9462093
8.2719807
6.0788796
3.8212077
1.8517983
0.4473834
-0.1729575
0.0069183
0.668769
1.5612297
2.2922634
2.744259
3.0371337
3.3484572
3.7105149
3.9065334
3.8073711
3.1801119
2.0501229
0.5557701
-0.8947668
-1.9901643
-2.6151174
-2.8226664
-2.6105052
-2.0870205
-1.2429879
-0.1914063
0.8924607
1.8494922
2.3614464
2.4975063
2.6266479
3.2077851
4.4300181
6.249531
8.4287955
10.4189598
11.7772527
12.5267352
12.6720195
12.0170871
10.6126722
9.0329937
7.8153729
7.1535222
6.8606475
6.5354874
5.8090659
4.5637719
2.8226664
3.7843101
4.6836891
5.0711139
5.0803383
4.8566466
4.473834
3.9687981
3.3599877
2.7027492
2.213856
1.9532667
2.1308364
2.6796882
3.6528624
5.2233165
7.4371725
10.14684
13.1724432
16.2141891
18.6586551
20.0446212
20.5219839
20.3882301
19.5903195
18.0429264
16.1611488
14.4338799
13.14477
11.9755773
10.4258781
8.3573064
5.7698622
3.159357
1.0308267
-0.3182418
-0.9109095
-0.968562
-0.761013
-0.5327091
-0.2836503
-0.1014684
0.0622647
0.3436089
0.9385827
1.983246
3.436089
4.958115
5.5369461
5.9105343
5.7998415
5.2002555
4.3170192
3.5767611
3.4845171
4.197102
5.419335
6.549324
7.2941943
7.5294165
7.171971
6.3279384
5.3017239
4.358529
3.9180639
4.081797
4.6606281
5.2532958
5.3293971
4.7021379
3.9549615
3.2423766
2.7996054
2.744259
3.1178472
3.7428003
4.5176499
5.4101106
6.4386312
7.5501714
8.5072029
9.0652791
9.2151756
9.0145449
8.4472443
8.6986092
8.8415874
8.7770166
8.3365515
7.6631703
7.1235429
6.7361181
6.434019
6.3002652
6.3164079
6.3579177
6.3117957
6.3210201
6.4478556
6.8767902
7.7092923
-1.2314574
-1.2337635
-1.3559868
-1.5335565
-1.7042079
-1.8702471
-1.8633288
-1.7664726
-1.6880652
-1.5819846
-1.5958212
-1.5612297
-1.5889029
-1.6488615
-1.7918397
-1.9209813
-2.0408985
-2.0708778
-1.937124
-1.7480238
-1.5543114
-1.3928844
-1.3190892
-1.3721295
-1.5058833
-1.6995957
-1.9048386
-2.0731839
-1.8794715
-1.6027395
-1.3213953
-1.2383757
-1.2821916
-1.4228637
-1.5958212
-1.7710848
-1.8471861
-1.8748593
-1.8402678
-1.7780031
-1.7618604
-1.729575
-1.6742286
-1.6534737
-1.6258005
-1.5727602
-1.5128016
-1.4666796
-1.4436186
-1.4459247
-1.5035772
-1.568148
-1.6027395
-1.6557798
-1.6557798
-1.5566175
-1.406721
-1.3098648
-1.2199269
-1.1668866
-1.1945598
-1.2868038
-1.4090271
-1.6073517
-1.7249628
-1.6972896
-1.5543114
-1.4505369
-1.3559868
-1.2798855
-1.2868038
-1.3559868
-1.4320881
-1.5381687
-1.6165761
-1.5658419
-1.4090271
-1.1899476
-0.8578692
-0.5834433
-0.4750566
-0.5142603
-0.6779934
-0.945501
-1.1714988
-1.2037842
-1.0677243
-0.8832363
-0.7079727
-0.6549324
-0.7956045
-1.0746426
-1.4113332
-1.729575
-1.8956142
-1.7872275
-1.4159454
-0.8601753
-0.2813442
0.1337538
-1.1276829
-1.1899476
-1.2037842
-1.2891099
-1.5197199
-1.8517983
-1.9947765
-1.6926774
-0.9754803
-0.1522026
0.3251601
0.299793
-0.0368976
-0.5350152
-1.0469694
-1.4274759
-1.5635358
-1.6811469
-1.6719225
-1.5589236
-1.3213953
-1.0123779
-0.7171971
-0.4566078
-0.3090174
-0.2144673
-0.1014684
0.1914063
0.6480141
1.1184585
1.38366
1.2729672
0.5557701
-0.6249531
-1.752636
-2.3383854
-2.1769584
-1.38366
-0.3044052
0.6826056
1.0953975
1.0262145
0.784074
0.5903616
0.6434019
0.991623
1.5520053
1.9117569
1.6534737
1.0192962
0.5119542
0.4404651
0.8693997
1.6719225
2.4744453
3.0924801
3.320784
3.205479
2.9794812
2.8734006
3.159357
3.9618798
5.0849505
6.2080212
6.9090756
7.218093
7.310337
7.2088686
6.9759525
6.7591791
6.6069765
6.5124264
6.2541432
5.6845365
4.9673394
4.3700595
3.7935345
3.0763374
2.2461414
1.3905783
0.7748496
0.5373213
0.5880555
0.9247461
1.5566175
2.1492852
2.628954
2.8687884
3.1939485
3.9711042
5.1564396
6.4155702
7.61013
9.039912
10.7302833
12.3699204
13.5690924
14.5399605
16.0550682
18.9353871
-0.3113235
-0.1683453
-0.1314477
-0.1268355
-0.1268355
-0.2329161
-0.3597516
-0.5626884
-0.8394204
-1.1092341
-1.2545184
-1.314477
-1.3306197
-1.1922537
-0.8878485
-0.5257908
-0.2421405
-0.0207549
0.0345915
-0.0023061
-0.1406721
-0.345915
-0.6018921
-0.8348082
-1.014684
-1.2522123
-1.5750663
-1.914063
-2.2484475
-2.5805259
-2.8111359
-2.951808
-3.1386021
-3.2492949
-3.2954169
-3.3576816
-3.4061097
-3.3968853
-3.4291707
-3.5606184
-3.6759234
-3.7151271
-3.6851478
-3.5929038
-3.4868232
-3.4038036
-3.343845
-3.3392328
-3.413028
-3.45915
-3.436089
-3.4291707
-3.4614561
-3.4937415
-3.5583123
-3.6367197
-3.6459441
-3.5652306
-3.3692121
-3.0509703
-2.652015
-2.2299987
-1.8840837
-1.6626981
-1.5773724
-1.545087
-1.4090271
-1.1784171
-0.8094411
-0.4174041
-0.0807135
0.1914063
0.3551394
0.4174041
0.276732
0.1798758
0.3044052
0.7540947
1.3098648
1.7272689
1.8379617
1.775697
1.6626981
1.4044149
0.968562
0.5004237
0.2882625
0.5165664
1.1599683
2.0662656
2.974869
3.7612491
4.5291804
5.1541335
5.4239472
5.4400899
5.4862119
5.7744744
6.203409
6.4478556
-1.2476001
-1.1899476
-1.2314574
-1.3352319
-1.3398441
-1.3582929
-1.4021088
-1.4689857
-1.568148
-1.683453
-1.7872275
-1.8425739
-1.9071447
-1.8333495
-1.6511676
-1.3905783
-1.199172
-0.9662559
-0.830196
-0.8348082
-0.9339705
-1.1046219
-1.3421502
-1.5704541
-1.7411055
-1.9002264
-2.0501229
-2.1723462
-2.3476098
-2.4767514
-2.5666893
-2.6197296
-2.698137
-2.744259
-2.7488712
-2.7696261
-2.7811566
-2.7557895
-2.7765444
-2.8388091
-2.8849311
-2.9310531
-2.9448897
-2.9241348
-2.9010738
-2.8849311
-2.8757067
-2.9149104
-2.9956239
-3.0302154
-3.0025422
-2.9840934
-2.9725629
-2.9541141
-2.9541141
-2.9471958
-2.882625
-2.7696261
-2.6427906
-2.4790575
-2.2692024
-2.0432046
-1.9786338
-2.006307
-2.0455107
-2.0593473
-1.9278996
-1.7272689
-1.4851284
-1.2522123
-1.0907853
-0.9777864
-0.8463387
-0.6733812
-0.6318714
-0.6088104
-0.5050359
-0.3758943
-0.3620577
-0.507342
-0.7125849
-0.8717058
-1.15305
-1.5197199
-1.8933081
-2.121612
-2.0962449
-1.8333495
-1.4251698
-0.9593376
-0.4981176
-0.0115305
0.5373213
1.0077657
1.2360696
1.3237014
1.4943528
1.7042079
1.6534737
1.3951905
-3.5629245
-3.597516
-3.6736173
-3.735882
-3.7543308
-3.6551685
-3.4407012
-3.113235
-2.8641762
-2.6474028
-2.5459344
-2.5666893
-2.6404845
-2.8388091
-3.0601947
-3.1685814
-3.1109289
-3.0186849
-2.9887056
-2.9425836
-2.9564202
-3.0486642
-3.1501326
-3.2792742
-3.3000291
-3.0694191
-2.4952002
-1.8979203
-1.3559868
-0.991623
-0.6964422
-0.8048289
-1.1207646
-1.3767417
-1.3052526
-0.8786241
-0.2813442
0.0530403
0.1867941
0.0853257
-0.1914063
-0.4473834
-0.4796688
-0.3136296
-0.2052429
-0.253671
-0.4058736
-0.6134226
-0.876318
-1.1461317
-1.4205576
-1.7111262
-1.9302057
-2.098551
-2.3153244
-2.5228734
-2.6889126
-2.8272786
-3.0348276
-3.2123973
-3.2562132
-3.2100912
-3.1155411
-3.0117666
-2.9541141
-3.0186849
-2.8226664
-2.1769584
-1.2499062
-0.253671
0.5949738
1.2429879
1.4851284
1.245294
0.7287276
0.2144673
-0.2029368
-0.3205479
0.0299793
0.5880555
0.4865871
-0.3828126
-1.591209
-2.7304224
-3.6321075
-4.1878776
-4.4069571
-4.4576913
-4.3262436
-4.0218384
-3.6643929
-3.3323145
-2.9794812
-2.5413222
-2.0870205
-1.6488615
-1.2614367
-1.0308267
-0.8809302
-0.5742189
-3.113235
-3.0878679
-3.136296
-3.1501326
-3.1086228
-3.0555825
-3.0256032
-2.928747
-2.7742383
-2.6335662
-2.4583026
-2.2853451
-2.1031632
-1.9694094
-1.8149007
-1.6004334
-1.2568245
-0.8601753
-0.5949738
-0.4727505
-0.3436089
-0.2928747
-0.6203409
-1.2406818
-1.7434116
-1.7941458
-1.4274759
-1.0492755
-0.9178278
-0.9823986
-1.1553561
-1.3998027
-1.729575
-2.1008571
-2.4490782
-2.6243418
-2.5274856
-2.3660586
-2.3337732
-2.3660586
-2.4652209
-2.6105052
-2.6819943
-2.6589333
-2.5782198
-2.3107122
-2.0132253
-1.8379617
-1.7710848
-1.7826153
-1.7872275
-1.637331
-1.3098648
-0.9639498
-0.69183
-0.4427712
-0.2167734
-0.2490588
-0.6410958
-1.1161524
-1.2868038
-1.0169901
-0.6157287
-0.5419335
-0.7956045
-1.1184585
-1.5058833
-1.9255935
-2.283039
-2.5759137
-2.8019115
-2.8526457
-2.9010738
-2.9702568
-3.0025422
-3.0048483
-3.0417459
-3.0786435
-3.090174
-3.1662753
-3.3069474
-3.436089
-3.5375574
-3.620577
-3.6759234
-3.7335759
-3.7727796
-3.7428003
-3.735882
-3.8004528
-3.851187
-3.8788602
-3.9457371
-3.9803286
-3.9388188
-3.8165955
-3.6274953
-3.3046413
-2.8065237
-2.2484475
30.0669318
25.1457144
21.2668542
18.9238566
17.6785626
16.7492043
15.3747687
13.3776861
10.953975
8.232777
6.3763665
5.465457
4.84281
4.3516107
4.0056957
3.7289637
3.3968853
3.1224594
3.0163788
3.7059027
5.1218481
7.1904198
9.062973
9.9577398
9.8262921
9.547254
9.6233553
10.5942234
12.775794
15.7345203
18.5963904
19.9408467
20.1622323
21.5666472
23.406915
23.0125719
19.0760592
13.4491752
9.178278
7.517886
7.6285788
7.9744938
7.8914742
7.0658904
5.9013099
5.3340093
5.5600071
6.0904101
6.9136878
8.1474513
22.5836373
19.278996
16.4840028
14.3485542
12.5128986
10.83867
9.6118248
8.6870787
7.7092923
6.3094896
4.9742577
4.1440617
3.7428003
3.6136587
3.8419626
4.1878776
4.2708972
4.3216314
4.3539168
4.3054887
4.2363057
4.3400802
4.4623035
4.2685911
4.1440617
4.0172262
3.5537001
3.0348276
2.7350346
2.8019115
3.2170095
3.8857785
4.5591597
4.9004625
4.9304418
5.1379908
5.5853742
6.4017336
7.8453522
9.7248237
11.6988453
13.4768484
15.0842001
16.327188
16.6177566
15.7621935
14.044149
12.0309237
10.4558574
9.5426418
5.2279287
3.9457371
3.8396565
4.5038133
5.511579
6.6000582
7.8269034
9.1275438
10.3820622
11.2652985
11.3944401
11.2284009
11.0254641
10.4720001
9.6049065
8.6178957
7.7669448
7.2619089
7.0474416
7.1811954
7.7508021
8.8923216
9.9877191
10.7648748
11.3506242
12.1508409
13.4653179
15.2825247
17.29575
19.0599165
20.1276408
20.0377029
18.6240636
16.1265573
13.3131153
10.8063846
8.9453619
7.5755385
6.3509994
5.0872566
3.7912284
2.3798952
1.1876415
0.46122
0.1291416
0.0322854
0.0599586
0.0830196
0.023061
-0.069183
5.2279287
3.9457371
3.8396565
4.5038133
5.511579
6.6000582
7.8269034
9.1275438
10.3820622
11.2652985
11.3944401
11.2284009
11.0254641
10.4720001
9.6049065
8.6178957
7.7669448
7.2619089
7.0474416
7.1811954
7.7508021
8.8923216
9.9877191
10.7648748
11.3506242
12.1508409
13.4653179
15.2825247
17.29575
19.0599165
20.1276408
20.0377029
18.6240636
16.1265573
13.3131153
10.8063846
8.9453619
7.5755385
6.3509994
5.0872566
3.7912284
2.3798952
1.1876415
0.46122
0.1291416
0.0322854
0.0599586
0.0830196
0.023061
-0.069183
31.3030014
31.8034251
31.6512225
30.5973348
28.7893524
26.6838831
24.5645772
22.3553334
19.5119121
16.327188
13.8366
12.0009444
10.5088977
9.3235623
8.3988162
7.6216605
6.9944013
6.3071835
5.9428197
6.134226
6.4478556
6.4363251
6.1688175
5.9174526
6.0765735
7.0036257
8.6663238
10.8179151
12.9395271
14.4523287
15.3793809
15.8175399
15.0542208
12.9925674
10.5088977
8.4610809
7.3172553
6.895239
6.6162009
5.8367391
4.2409179
1.7664726
-0.7932984
-2.7350346
-3.6390258
-3.7796979
-3.3369267
-2.6635455
-1.9325118
-1.3698234
33.9342615
31.9417911
30.1707063
28.1828481
25.8075651
23.4645675
21.5089947
20.1968238
19.0829775
18.1397826
17.7316029
18.0429264
18.5525745
18.6886344
18.3381072
17.4548709
16.2949026
15.128016
13.9426806
12.5774694
10.8294456
8.7308946
6.4847532
4.4807523
2.9471958
2.07549
1.6696164
1.5243321
1.7457177
2.6012808
3.9572676
5.5600071
7.448703
9.8216799
12.3676143
14.6598777
16.4494113
16.8483666
15.0934245
11.8602723
8.8392813
6.9598098
5.6660877
4.2339996
2.0109192
-0.3366906
-1.7918397
-2.4398538
-2.4190989
-2.2161621
33.9342615
31.9417911
30.1707063
28.1828481
25.8075651
23.4645675
21.5089947
20.1968238
19.0829775
18.1397826
17.7316029
18.0429264
18.5525745
18.6886344
18.3381072
17.4548709
16.2949026
15.128016
13.9426806
12.5774694
10.8294456
8.7308946
6.4847532
4.4807523
2.9471958
2.07549
1.6696164
1.5243321
1.7457177
2.6012808
3.9572676
5.5600071
7.448703
9.8216799
12.3676143
14.6598777
16.4494113
16.8483666
15.0934245
11.8602723
8.8392813
6.9598098
5.6660877
4.2339996
2.0109192
-0.3366906
-1.7918397
-2.4398538
-2.4190989
-2.2161621
13.7028462
12.7896306
12.4391034
12.268452
12.0009444
11.807232
12.3998997
14.1064137
16.4032893
18.1397826
18.6010026
18.4649427
18.6632673
18.517983
17.5794003
15.9951096
14.3277993
13.3038909
13.0271589
13.121709
13.0317711
12.8196099
13.2208713
14.1179442
14.9066304
15.5477262
16.3064331
17.7984798
20.0515395
22.4775567
24.467721
25.8905847
27.0943689
28.111359
28.3004592
27.2742447
25.0765314
22.6274532
21.1792224
20.5819425
19.4957694
17.6139918
15.5315835
13.6336632
12.153147
11.1961155
10.2529206
9.062973
7.8061485
6.5147325
6.2979591
6.8537292
7.2065625
7.5962934
7.9952487
8.1797367
8.0321463
8.094411
8.8369752
9.9554337
10.9332201
11.6550294
12.3583899
13.0156284
13.6267449
14.2862895
15.4416456
17.157384
18.5687172
18.6240636
18.1420887
18.4303512
18.9907335
18.4833915
16.8875703
15.0173232
13.490685
12.6512646
12.2799825
11.9594346
11.3598486
10.3636134
9.408888
8.5902225
7.6908435
6.6761595
5.7906171
5.2417653
4.7667087
3.9595737
2.7235041
1.3951905
0.1683453
-0.8025228
-1.452843
-1.7918397
-1.8702471
-1.8264312
-1.8610227
-1.9809399
-0.9593376
-1.0308267
-1.0700304
-1.060806
-1.0192962
-0.9823986
-1.0008474
-1.0100718
-1.0262145
-1.0446633
-1.0423572
-1.0746426
-1.0815609
-1.0239084
-1.0031535
-0.9731742
-0.9478071
-0.9593376
-0.9847047
-1.1023158
-1.1830293
-1.1622744
-1.1369073
-1.0584999
-0.9270522
-0.9247461
-0.9109095
-0.9270522
-1.0169901
-1.1161524
-1.2591306
-1.2752733
-1.2383757
-1.1830293
-1.1415195
-1.0584999
-1.0446633
-1.0907853
-1.1576622
-1.245294
-1.2868038
-1.4182515
-1.4320881
-1.4320881
-1.4689857
-1.5289443
-1.5427809
-1.429782
-1.3882722
-1.3098648
-1.3029465
-1.4597613
-2.0016948
-2.6335662
-3.1962546
-3.5905977
-3.6551685
-3.3161718
-2.5736076
-1.568148
-1.0331328
-0.7771557
-0.6272592
-0.7702374
-2.1262242
-4.796688
-7.241154
-8.8738728
-9.3581538
-8.5740798
-6.5769972
-3.6159648
-0.876318
0.4819749
0.6157287
0.69183
-0.0784074
-1.9924704
-4.197102
-5.7698622
-6.4709166
-6.1780419
-4.9765638
-3.1432143
-1.0492755
0.4243224
0.6826056
0.4012614
0.2352222
-0.2259978
-1.2291513
-2.2207743
-2.8249725
-2.99793
-2.7027492
-2.0432046
-1.0700304
-0.6088104
-0.6987483
-1.1184585
-1.0446633
-1.1922537
-1.3190892
-1.337538
-1.2983343
-1.245294
-1.2660489
-1.2891099
-1.3306197
-1.406721
-1.4620674
-1.522026
-1.5889029
-1.6073517
-1.6119639
-1.5704541
-1.545087
-1.5335565
-1.5035772
-1.5128016
-1.5266382
-1.5266382
-1.5889029
-1.591209
-1.5658419
-1.4874345
-1.3721295
-1.3075587
-1.2314574
-1.1645805
-1.1392134
-1.1830293
-1.406721
-1.6027395
-1.6926774
-1.6650042
-1.406721
-1.1161524
-0.9178278
-0.8140533
-0.737952
-0.8786241
-1.3444563
-2.1769584
-2.7719322
-2.8434213
-2.3775891
-1.5865968
-1.0446633
-0.8094411
-0.807135
-0.8509509
-1.0584999
-1.3998027
-1.8172068
-1.9555728
-1.8541044
-1.6004334
-1.2153147
-1.014684
-0.9316644
-0.9293583
-0.9086034
-0.9731742
-1.0977036
-1.2107025
-1.2083964
-1.1184585
-0.9385827
-0.8186655
-0.7564008
-0.7333398
-0.7748496
-0.853257
-0.9570315
-1.0700304
-1.0930914
-1.0654182
-1.0008474
-0.9985413
-1.0031535
-1.014684
-1.060806
-1.1161524
-1.1645805
-1.2499062
-1.3052526
-1.337538
-1.3536807
-1.3398441
-1.3744356
-1.3905783
-1.4159454
-1.4851284
-1.5266382
-1.5842907
-1.6327188
-1.6419432
-1.637331
-1.5773724
-1.3859661
-1.360599
-1.3951905
-1.4966589
-1.6442493
-1.7849214
-1.7595543
-1.4712918
-1.0031535
-0.6065043
-0.484281
-0.599586
-0.8509509
-1.1784171
-1.4851284
-1.6811469
-1.7042079
-1.6004334
-1.4689857
-1.4182515
-1.4136393
-1.5081894
-1.6419432
-1.7803092
-1.914063
-2.029368
-2.1100815
-2.1792645
-2.2299987
-2.2645902
-2.3153244
-2.375283
-2.3868135
-2.3614464
-2.352222
-2.3268549
-2.2530597
-2.144673
-2.0339802
-1.9025325
-1.7687787
-1.6880652
-1.6465554
-1.5773724
-1.4274759
-1.222233
-0.9247461
-0.6295653
-0.3874248
-0.2121612
-0.1914063
-0.3712821
-0.6088104
-0.761013
-0.8186655
-0.8048289
-0.7909923
-0.8394204
-0.9662559
-1.1092341
-1.2568245
-1.4090271
-1.5658419
-1.6857591
-1.9209813
-2.1008571
-1.9786338
-1.6765347
-1.3098648
-1.014684
-0.7886862
-0.576525
-0.7218093
-1.7249628
-3.1409082
-3.966492
-3.6713112
-2.3937318
-0.899379
-0.1798758
-0.3159357
-0.6987483
-1.129989
-1.5427809
-1.8517983
-2.1077754
-2.213856
-2.2438353
-2.2968756
-2.4006501
-2.5320978
-2.6958309
-2.8895433
-3.0555825
-3.1778058
-3.2539071
-3.2492949
-3.1685814
-3.0140727
-2.7880749
-1.0538877
-1.0746426
-1.1023158
-1.1253768
-1.1392134
-1.1438256
-1.1253768
-1.0930914
-1.0515816
-1.0100718
-0.9777864
-0.9639498
-0.9639498
-0.9800925
-1.0054596
-1.0077657
-0.9777864
-0.9270522
-0.8786241
-0.8371143
-0.830196
-0.8670936
-0.9708681
-1.1092341
-1.2176208
-1.199172
-1.0723365
-0.9293583
-0.8186655
-0.7771557
-0.7886862
-0.8232777
-0.8578692
-0.8809302
-0.8901546
-0.8670936
-0.8371143
-0.8325021
-0.8486448
-0.8740119
-0.9016851
-0.9270522
-0.9385827
-0.945501
-0.9593376
-0.9593376
-0.9478071
-0.9501132
-0.9524193
-0.9478071
-0.945501
-0.9431949
-0.9385827
-0.9547254
-0.9800925
-0.9616437
-0.9109095
-0.8693997
-0.8325021
-0.8025228
-0.8025228
-0.9039912
-1.0953975
-1.4620674
-1.8264312
-1.9302057
-1.6926774
-1.2937221
-0.9639498
-0.7771557
-0.7633191
-0.7702374
-0.9270522
-1.1922537
-1.4712918
-1.5589236
-1.3536807
-1.0515816
-0.8371143
-0.8048289
-0.8140533
-0.8947668
-1.0400511
-1.2014781
-1.3352319
-1.3421502
-1.2314574
-1.1207646
-1.0538877
-1.0446633
-1.0723365
-1.1207646
-1.1691927
-1.2083964
-1.2245391
-1.1922537
-1.1576622
-1.1369073
-1.1230707
-1.1046219
-1.5358626
-1.5704541
-1.6073517
-1.6304127
-1.6350249
-1.6211883
-1.5704541
-1.498965
-1.4182515
-1.3352319
-1.2752733
-1.2522123
-1.2660489
-1.3052526
-1.3582929
-1.3767417
-1.3421502
-1.2729672
-1.1968659
-1.129989
-1.1092341
-1.1645805
-1.2476001
-1.4228637
-1.5658419
-1.5496992
-1.3859661
-1.1876415
-1.0584999
-1.0239084
-1.0492755
-1.1230707
-1.1968659
-1.2429879
-1.2591306
-1.2291513
-1.1876415
-1.1853354
-1.2130086
-1.2545184
-1.291416
-1.3190892
-1.3283136
-1.3306197
-1.337538
-1.3352319
-1.3121709
-1.2960282
-1.2960282
-1.3029465
-1.3190892
-1.3490685
-1.3744356
-1.3813539
-1.3951905
-1.4113332
-1.3974966
-1.3582929
-1.3167831
-1.2660489
-1.1945598
-1.1184585
-1.0953975
-1.1369073
-1.3329258
-1.6327188
-1.84488
-1.7803092
-1.475904
-1.1392134
-0.9201339
-0.8509509
-0.9039912
-1.060806
-1.1714988
-1.2568245
-1.3237014
-1.337538
-1.3052526
-1.2868038
-1.291416
-1.314477
-1.3398441
-1.3767417
-1.4044149
-1.4274759
-1.4482308
-1.4689857
-1.4735979
-1.4828223
-1.4920467
-1.4874345
-1.4735979
-1.4643735
-1.4390064
-1.3998027
-1.3698234
-1.3398441
-1.3052526
-1.2660489
-1.1346012
-1.1369073
-1.1461317
-1.1369073
-1.106928
-1.0815609
-1.0561938
-1.0216023
-0.9939291
-0.9731742
-0.9639498
-0.9639498
-0.9639498
-0.9316644
-0.8786241
-0.830196
-0.7794618
-0.7494825
-0.761013
-0.8278899
-0.899379
-0.9639498
-0.9731742
-0.9408888
-0.8348082
-0.7564008
-0.7241154
-0.7356459
-0.7863801
-0.8670936
-0.945501
-1.0008474
-0.991623
-0.9086034
-0.8094411
-0.7287276
-0.6756873
-0.6618507
-0.6849117
-0.7725435
-0.9178278
-1.014684
-1.0492755
-0.9478071
-0.8025228
-0.7079727
-0.6572385
-0.6756873
-0.7471764
-0.8417265
-0.9408888
-1.0077657
-0.9777864
-0.8832363
-0.807135
-0.7886862
-0.7979106
-0.8209716
-0.8486448
-0.876318
-0.8947668
-0.9155217
-0.9201339
-0.9039912
-0.8924607
-0.8809302
-0.8670936
-0.8693997
-0.876318
-0.8693997
-0.8693997
-0.8624814
-0.853257
-0.8394204
-0.8601753
-0.8901546
-0.9293583
-0.9847047
-1.0192962
-1.0192962
-1.0054596
-1.014684
-1.0216023
-1.0400511
-1.0746426
-1.1000097
-1.1392134
-1.2314574
-1.2775794
-1.3006404
-1.291416
-1.2014781
-1.1576622
-1.1253768
-1.1000097
-1.1092341
-1.1899476
-1.3698234
-1.6304127
-1.7088201
-1.5128016
-1.5058833
-1.5058833
-1.4897406
-1.4482308
-1.4113332
-1.3698234
-1.3190892
-1.2706611
-1.2429879
-1.2314574
-1.2291513
-1.2291513
-1.1853354
-1.1092341
-1.0216023
-0.9385827
-0.8878485
-0.8417265
-0.9155217
-1.0492755
-1.1714988
-1.1968659
-1.1046219
-0.9708681
-0.8786241
-0.8509509
-0.8809302
-0.9316644
-1.0538877
-1.1876415
-1.2960282
-1.3629051
-1.2499062
-1.1000097
-0.9616437
-0.8740119
-0.8440326
-0.8855424
-0.9547254
-1.1369073
-1.3260075
-1.3767417
-1.2268452
-0.9823986
-0.7863801
-0.7218093
-0.7494825
-0.8578692
-1.0285206
-1.2291513
-1.3352319
-1.3075587
-1.1830293
-1.0700304
-1.0331328
-1.0446633
-1.0792548
-1.1276829
-1.1668866
-1.199172
-1.2291513
-1.2429879
-1.2314574
-1.2176208
-1.2037842
-1.1807232
-1.1738049
-1.1807232
-1.1714988
-1.1622744
-1.1645805
-1.1415195
-1.0930914
-1.060806
-1.0446633
-1.0285206
-1.0169901
-1.0169901
-1.0123779
-1.0008474
-1.0054596
-0.9962352
-0.9708681
-0.9616437
-0.9593376
-0.9547254
-0.945501
-0.9316644
-0.9201339
-0.9501132
-1.0123779
-1.0423572
-1.014684
-0.9777864
-0.9316644
-0.8693997
-0.8394204
-0.8947668
-1.037745
-1.3813539
-1.3813539
-1.4482308
-1.5081894
-1.4851284
-1.522026
-1.5243321
-1.4943528
-1.4735979
-1.4735979
-1.4828223
-1.5266382
-1.6211883
-1.6626981
-1.6258005
-1.4943528
-1.4182515
-1.3213953
-1.2499062
-1.2199269
-1.2406818
-1.3098648
-1.4182515
-1.5012711
-1.5796785
-1.591209
-1.6050456
-1.6119639
-1.6419432
-1.683453
-1.7019018
-1.7157384
-1.7457177
-1.7503299
-1.7318811
-1.7341872
-1.7249628
-1.7042079
-1.7157384
-1.7572482
-1.8010641
-1.8402678
-1.8656349
-1.8748593
-1.8817776
-1.8933081
-1.9048386
-1.9440423
-1.9901643
-1.9855521
-1.9440423
-1.914063
-1.8817776
-1.8425739
-1.8125946
-1.775697
-1.7088201
-1.6258005
-1.5473931
-1.4782101
-1.4343942
-1.4620674
-1.5473931
-1.6696164
-1.7134323
-1.7134323
-1.6258005
-1.5012711
-1.38366
-1.3075587
-1.2821916
-1.3052526
-1.3398441
-1.3767417
-1.429782
-1.3813539
-1.3052526
-1.2614367
-1.2545184
-1.2591306
-1.3306197
-1.4689857
-1.6534737
-1.8102885
-1.8979203
-1.8817776
-1.7849214
-1.6650042
-1.5589236
-1.4689857
-1.4159454
-1.4436186
-1.4343942
-1.4897406
-1.4782101
-1.3698234
-1.2245391
-1.2014781
-1.2176208
-1.2798855
-1.522026
-1.4643735
-1.4712918
-1.5128016
-1.5197199
-1.5335565
-1.545087
-1.6027395
-1.660392
-1.6788408
-1.706514
-1.7664726
-1.8149007
-1.8333495
-1.7457177
-1.6027395
-1.4643735
-1.3167831
-1.2130086
-1.1945598
-1.245294
-1.3559868
-1.5174138
-1.6557798
-1.7341872
-1.798758
-1.8956142
-1.9163691
-1.960185
-2.029368
-2.0662656
-2.0893266
-2.1354486
-2.1538974
-2.1423669
-2.144673
-2.1423669
-2.1169998
-2.1285303
-2.190795
-2.2461414
-2.2922634
-2.3199366
-2.3268549
-2.3268549
-2.3337732
-2.3429976
-2.3845074
-2.4467721
-2.4583026
-2.4260172
-2.398344
-2.3683647
-2.329161
-2.3037939
-2.2692024
-2.1931011
-2.0939388
-1.9924704
-1.8863898
-1.8033702
-1.7964519
-1.8079824
-1.8979203
-1.9809399
-1.9740216
-1.8725532
-1.7157384
-1.5543114
-1.429782
-1.3675173
-1.3559868
-1.3467624
-1.2937221
-1.3075587
-1.3167831
-1.2591306
-1.1784171
-1.1645805
-1.2383757
-1.3721295
-1.5543114
-1.798758
-2.0824083
-2.3084061
-2.3545281
-2.2692024
-2.1123876
-1.9002264
-1.7042079
-1.4966589
-1.3098648
-1.1553561
-1.0792548
-1.0008474
-0.8647875
-0.7448703
-0.6549324
-0.7102788
-0.8509509
33.9342615
31.9417911
30.1707063
28.1828481
25.8075651
23.4645675
21.5089947
20.1968238
19.0829775
18.1397826
17.7316029
18.0429264
18.5525745
18.6886344
18.3381072
17.4548709
16.2949026
15.128016
13.9426806
12.5774694
10.8294456
8.7308946
6.4847532
4.4807523
2.9471958
2.07549
1.6696164
1.5243321
1.7457177
2.6012808
3.9572676
5.5600071
7.448703
9.8216799
12.3676143
14.6598777
16.4494113
16.8483666
15.0934245
11.8602723
8.8392813
6.9598098
5.6660877
4.2339996
2.0109192
-0.3366906
-1.7918397
-2.4398538
-2.4190989
-2.2161621
-2.0178375
-1.8817776
-1.8310434
-1.8956142
-2.0316741
-2.1400608
-2.2092438
-2.2484475
-2.1077754
-1.7964519
-1.2153147
-0.3297723
0.6664629
1.406721
1.8172068
2.0109192
1.9463484
1.5981273
1.0723365
0.6387897
0.3620577
0.1522026
-0.2675076
-1.1230707
-2.0201436
-2.5205673
-2.9425836
-3.1731936
-3.2354583
-3.1086228
-2.7534834
-2.2161621
-1.6211883
-1.0884792
-0.6549324
-0.3574455
-0.2928747
-0.4819749
-0.8094411
-1.1507439
-1.4551491
-1.7618604
-2.0893266
-2.4283233
-2.7488712
-3.0025422
-3.1063167
-3.067113
-2.7119736
-2.2738146
6.2979591
6.8537292
7.2065625
7.5962934
7.9952487
8.1797367
8.0321463
8.094411
8.8369752
9.9554337
10.9332201
11.6550294
12.3583899
13.0156284
13.6267449
14.2862895
15.4416456
17.157384
18.5687172
18.6240636
18.1420887
18.4303512
18.9907335
18.4833915
16.8875703
15.0173232
13.490685
12.6512646
12.2799825
11.9594346
11.3598486
10.3636134
9.408888
8.5902225
7.6908435
6.6761595
5.7906171
5.2417653
4.7667087
3.9595737
2.7235041
1.3951905
0.1683453
-0.8025228
-1.452843
-1.7918397
-1.8702471
-1.8264312
-1.8610227
-1.9809399
-2.1077754
-2.2069377
-2.2507536
-2.0870205
-1.8771654
-1.6857591
-1.6119639
-1.5981273
-1.7088201
-1.8564105
-1.9509606
-2.0040009
-1.8402678
-1.4459247
-1.0538877
-0.7218093
-0.4427712
-0.1545087
0.1729575
0.5603823
0.9178278
1.2176208
1.4136393
1.4090271
1.3951905
1.498965
1.7872275
2.1100815
2.2092438
2.2069377
2.1769584
2.513649
3.2446827
3.966492
4.4646096
4.9419723
5.7352707
6.6946083
7.3910505
7.6285788
7.7092923
8.025228
8.440326
8.5740798
8.5072029
8.6155896
8.9684229
9.2451549
9.3812148
9.3189501
-2.4629148
-2.4606087
-2.5113429
-2.5251795
-2.4882819
-2.4375477
-2.4237111
-2.3891196
-2.2738146
-2.1769584
-2.0593473
-1.9486545
-1.8863898
-1.8610227
-1.7480238
-1.6465554
-1.4505369
-1.2060903
-1.0400511
-0.9639498
-0.9039912
-0.9155217
-1.1230707
-1.4851284
-1.8079824
-1.8587166
-1.6580859
-1.4367003
-1.3006404
-1.2614367
-1.3283136
-1.4897406
-1.7134323
-1.9394301
-2.1146937
-2.1285303
-2.0155314
-1.8517983
-1.7780031
-1.775697
-1.8356556
-1.9094508
-1.9417362
-1.9394301
-1.9071447
-1.7733909
-1.6534737
-1.5865968
-1.6511676
-1.7710848
-1.8494922
-1.7710848
-1.568148
-1.3767417
-1.2107025
-1.0584999
-0.945501
-0.9570315
-1.0654182
-1.2060903
-1.2729672
-1.2406818
-1.2268452
-1.3167831
-1.4643735
-1.6281066
-1.8656349
-2.0639595
-2.1792645
-2.283039
-2.3453037
-2.3660586
-2.4098745
-2.4190989
-2.4052623
-2.3914257
-2.4029562
-2.4098745
-2.4075684
-2.4329355
-2.4836697
-2.5274856
-2.5643832
-2.605893
-2.6404845
-2.6773821
-2.6935248
-2.6819943
-2.6912187
-2.7350346
-2.7719322
-2.8157481
-2.8918494
-2.9333592
-2.8918494
-2.790381
-2.652015
-2.4490782
-2.2115499
-1.9486545
3.7981467
3.4660683
3.4107219
3.6943722
4.1210007
4.6006695
5.1725823
5.9151465
6.7453425
7.4233359
7.7900058
7.7531082
7.2895821
6.6853839
6.2356944
5.9612685
5.9935539
6.434019
6.9229122
6.9067695
6.1872663
4.8105246
3.3507633
2.4490782
2.283039
2.5574649
2.9610324
3.4222524
3.8834724
4.2524484
4.6652403
5.3870496
6.5562423
8.1197781
9.9439032
11.9386797
13.7512743
15.2525454
16.1034963
16.0896597
15.3609321
14.3716152
13.4284203
12.8334465
12.2200239
11.4797658
10.9470567
10.7994663
10.700304
9.9462093
8.2719807
6.0788796
3.8212077
1.8517983
0.4473834
-0.1729575
0.0069183
0.668769
1.5612297
2.2922634
2.744259
3.0371337
3.3484572
3.7105149
3.9065334
3.8073711
3.1801119
2.0501229
0.5557701
-0.8947668
-1.9901643
-2.6151174
-2.8226664
-2.6105052
-2.0870205
-1.2429879
-0.1914063
0.8924607
1.8494922
2.3614464
2.4975063
2.6266479
3.2077851
4.4300181
6.249531
8.4287955
10.4189598
11.7772527
12.5267352
12.6720195
12.0170871
10.6126722
9.0329937
7.8153729
7.1535222
6.8606475
6.5354874
5.8090659
4.5637719
2.8226664
-2.813442
-2.8480335
-2.8710945
-2.9264409
-2.9010738
-2.698137
-2.3476098
-1.8956142
-1.475904
-1.1853354
-1.1507439
-1.8195129
-2.8895433
-3.551394
-3.4245585
-2.5736076
-1.3582929
-0.207549
0.4220163
0.4658322
0.1891002
-0.299793
-0.92244
-1.3283136
-1.5566175
-1.5197199
-1.4113332
-1.3582929
-1.5151077
-1.7664726
-1.9924704
-2.8341969
-3.6021282
-4.2478362
-4.6444854
-4.8358917
-4.8566466
-4.7321172
-4.3700595
-3.7243515
-2.8849311
-1.7226567
-0.3251601
1.2014781
2.8203603
4.3746717
5.8044537
7.3749078
9.3005013
11.3575425
13.2001164
14.7636522
16.2764538
18.0244776
20.0031114
21.8133999
23.0125719
23.5153017
23.2316514
22.1823759
20.5865547
18.8062455
16.949835
15.1095672
13.5552558
12.4736949
11.7957015
11.322951
10.8179151
10.054596
8.7654861
7.3772139
6.6992205
7.2388479
8.7055275
10.3013487
11.576622
12.9256905
15.1556892
17.6370528
19.232874
19.7286855
19.4196681
18.633288
17.3372598
15.4093602
13.1655249
11.714988
11.7196002
12.3422472
13.3615434
14.7382851
16.626981
19.14063
21.3129762
22.3391907
22.7173911
23.4968529
24.7882689
26.2641729
7.8914742
7.0658904
5.9013099
5.3340093
5.5600071
6.0904101
6.9136878
8.1474513
8.597415649
10.6703247
10.5665502
9.6210492
8.693997
7.8799437
6.7822401
5.2694385
3.3392328
1.660392
0.5580762
0.737952
1.2153147
1.6188822
1.9924704
2.1308364
6.7361181
5.0688078
3.0140727
1.1392134
1.3260075
1.5658419
1.3213953
0.8094411
0.1752636
-0.5096481
2.8503396
3.2170095
3.5652306
6.7384242
7.0220745
6.9920952
6.8006889
2.836503
2.8618701
2.8042176
2.836503
2.8618701
2.8042176
5.8367391
4.2409179
1.7664726
-0.7932984
-0.0484281
0.6595446
1.1968659
1.6119639
1.9486545
2.2207743
2.398344
2.4121806
2.2692024
1.9509606
1.6903713
1.5035772
1.3075587
1.037745
0.7287276
0.2582832
-0.3182418
-0.9501132
-1.5750663
-2.1538974
7.448703
9.8216799
6.9598098
5.6660877
4.2339996
2.0109192
-0.3366906
-0.3297723
0.6664629
1.406721
1.8172068
2.0109192
1.9463484
1.5981273
1.0723365
0.6387897
7.448703
9.8216799
6.9598098
5.6660877
4.2339996
2.0109192
-0.3366906
-0.3297723
0.6664629
1.406721
1.8172068
2.0109192
1.9463484
1.5981273
1.0723365
0.6387897
1.176111
0.853257
0.6364836
0.5350152
0.5004237
0.6895239
1.1807232
1.752636
2.2807329
2.7165858
3.0786435
3.3715182
3.436089
3.2031729
2.7880749
2.5320978
2.4975063
2.4882819
2.4306294
2.3084061
2.144673
1.914063
1.5266382
1.0792548
0.576525
0.507342
0.8486448
1.3029465
1.5935151
1.9278996
2.4767514
3.3599877
4.2524484
4.8451161
5.0365224
4.8520344
4.4992011
4.2501423
-1.452843
-1.7918397
-1.8702471
-1.8264312
-1.8610227
-1.9809399
-1.8771654
-1.6857591
-1.6119639
-1.5981273
-1.7088201
-1.8564105
-1.9509606
-2.0040009
-1.8402678
-1.4459247
-1.0538877
-0.7218093
-0.4427712
-0.1545087
0.1729575
0.5603823
0.9178278
1.2176208
1.4136393
1.4090271
1.3951905
1.498965
1.7872275
2.1100815
2.2092438
2.2069377
2.1769584
2.513649
3.2446827
3.966492
4.4646096
4.9419723
5.7352707
6.6946083
7.3910505
-2.9218287
-1.8402678
-0.4958115
0.9431949
2.4329355
3.8996151
5.2717446
6.4870593
7.4141115
7.8707193
7.7692509
7.241154
7.8499644
8.1313086
7.9468206
7.2757455
6.2610615
5.1495213
4.1025519
3.3761304
2.8710945
2.3660586
1.7595543
0.9800925
0.1429782
-2.4260172
-2.2761207
0.6941361
1.1322951
0.9616437
0.4127919
-0.0737952
0.1475904
0.6849117
1.2314574
1.5081894
1.2522123
0.5004237
-0.2698137
0.0069183
0.1729575
0.138366
-0.0991623
-0.4704444
0.1752636
-0.5096481
-1.2568245
-0.4981176
0.8693997
1.9486545
2.5044246
2.8503396
3.2170095
3.5652306
4.081797
4.6998318
5.3432337
5.8321269
6.2518371
6.7384242
7.0220745
6.9920952
6.8006889
6.6231192
6.4132641
-0.2836503
-0.1014684
0.0622647
0.3436089
0.9385827
1.983246
3.436089
4.958115
5.5369461
5.9105343
5.7998415
5.2002555
4.3170192
3.5767611
3.4845171
4.197102
5.419335
6.549324
7.2941943
7.5294165
7.171971
6.3279384
5.3017239
4.358529
3.9180639
4.081797
4.6606281
5.2532958
5.3293971
4.7021379
3.9549615
3.2423766
2.7996054
2.744259
3.1178472
3.7428003
4.5176499
5.4101106
6.4386312
7.5501714
0.6434019
0.991623
1.5520053
1.9117569
1.6534737
1.0192962
0.5119542
0.4404651
0.8693997
1.6719225
2.4744453
3.0924801
3.320784
3.205479
2.9794812
2.8734006
3.159357
3.9618798
5.0849505
6.2080212
6.9090756
7.218093
7.310337
7.2088686
6.9759525
6.7591791
6.6069765
1.8379617
1.775697
1.6626981
1.4044149
0.968562
0.5004237
0.2882625
0.5165664
1.1599683
2.0662656
2.974869
3.7612491
4.5291804
5.1541335
5.4239472
5.4400899
5.4862119
5.7744744
6.203409
6.4478556
-0.3205479
0.0299793
0.5880555
0.4865871
-1.0308267
-0.8809302
-0.5742189
7.8914742
7.0658904
5.9013099
5.3340093
5.5600071
6.0904101
6.9136878
8.1474513
5.8367391
4.2409179
1.7664726
-0.7932984
7.448703
9.8216799
6.9598098
5.6660877
4.2339996
2.0109192
-0.3366906
7.448703
9.8216799
6.9598098
5.6660877
4.2339996
2.0109192
-0.3366906
-1.452843
-1.7918397
-1.8702471
-1.8264312
-1.8610227
-1.9809399
7.448703
9.8216799
6.9598098
5.6660877
4.2339996
2.0109192
-0.3366906
-0.3297723
0.6664629
1.406721
1.8172068
2.0109192
1.9463484
1.5981273
1.0723365
0.6387897
-1.452843
-1.7918397
-1.8702471
-1.8264312
-1.8610227
-1.9809399
-1.8771654
-1.6857591
-1.6119639
-1.5981273
-1.7088201
-1.8564105
-1.9509606
-2.0040009
-1.8402678
-1.4459247
-1.0538877
-0.7218093
-0.4427712
-0.1545087
0.1729575
0.5603823
0.9178278
1.2176208
1.4136393
1.4090271
1.3951905
1.498965
1.7872275
2.1100815
2.2092438
2.2069377
2.1769584
2.513649
3.2446827
3.966492
4.4646096
4.9419723
5.7352707
6.6946083
7.3910505
-0.3251601
1.2014781
2.8203603
4.3746717
5.8044537