-1772662.37254
-1772667.42475
-1772671.24351
-1772673.33535
-1772674.00410
-1772673.90360
-1772673.66839
-1772673.87478
-1772674.61219
-1772675.75421
-1772677.04436
-1772678.16989
-1772679.14438
-1772679.81197
-1772680.00604
-1772679.66096
-1772679.17356
-1772678.69695
-1772678.13033
-1772677.38359
-1772676.69069
-1772676.46984
-1772677.15651
-1772678.68592
-1772680.34667
-1772681.32888
-1772681.15939
-1772679.68088
-1772676.95022
-1772673.41294
-1772670.15700
-1772668.25824
-1772667.24096
-1772665.50340
-1772664.07266
-1772664.33519
-1772667.21405
-1772671.86238
-1772675.57843
-1772676.52751
-1772675.49879
-1772674.22139
-1772673.61281
-1772673.48374
-1772673.49183
-1772673.42642
-1772673.21918
-1772673.00977
-1772672.89332
-1772672.55060
-1772673.02887
-1772671.31285
-1772671.37448
-1772671.80481
-1772672.19275
-1772672.67765
-1772673.29992
-1772673.92694
-1772674.40502
-1772674.60070
-1772674.56323
-1772674.53835
-1772674.56180
-1772674.65005
-1772674.83870
-1772675.07011
-1772675.22230
-1772675.29976
-1772675.32701
-1772675.41682
-1772675.37494
-1772675.31485
-1772675.05217
-1772674.62808
-1772674.24005
-1772674.10433
-1772674.18534
-1772674.28871
-1772674.30418
-1772673.97770
-1772673.38901
-1772672.82869
-1772672.51477
-1772672.53383
-1772672.98781
-1772673.75144
-1772674.48326
-1772674.87937
-1772674.95555
-1772674.66764
-1772674.23883
-1772673.92061
-1772673.63056
-1772673.35498
-1772673.08640
-1772673.01710
-1772673.26240
-1772674.05087
-1772675.33569
-1772676.68762
-1772664.07216
-1772664.66143
-1772665.74808
-1772667.61046
-1772670.06846
-1772672.32020
-1772673.57953
-1772673.54865
-1772672.39368
-1772670.90137
-1772670.36611
-1772671.42282
-1772673.21290
-1772674.95535
-1772676.37538
-1772677.23982
-1772677.53927
-1772677.33596
-1772676.80475
-1772676.28483
-1772675.97226
-1772676.08076
-1772676.62275
-1772677.42700
-1772678.33337
-1772679.26005
-1772679.94334
-1772680.22539
-1772679.98701
-1772679.30072
-1772678.53198
-1772678.17091
-1772678.30824
-1772678.50178
-1772678.42753
-1772678.22599
-1772678.02603
-1772677.72191
-1772677.23862
-1772676.63684
-1772676.01323
-1772675.52113
-1772675.31021
-1772675.28800
-1772675.41580
-1772675.65854
-1772675.89744
-1772675.98768
-1772675.90524
-1772675.68207
-1772675.52546
-1772675.36758
-1772675.10141
-1772674.81949
-1772674.56349
-1772674.23347
-1772674.08460
-1772674.20480
-1772674.54974
-1772674.91940
-1772675.12265
-1772674.86753
-1772674.15961
-1772673.47114
-1772672.88290
-1772672.63019
-1772673.31238
-1772674.74044
-1772676.19402
-1772677.08514
-1772676.97547
-1772675.93157
-1772674.28233
-1772672.86412
-1772672.04823
-1772671.79394
-1772672.42355
-1772674.34763
-1772676.34342
-1772676.87096
-1772675.73498
-1772673.84994
-1772672.12988
-1772671.05763
-1772670.89790
-1772671.45541
-1772672.62944
-1772674.57378
-1772676.81022
-1772678.68065
-1772679.56311
-1772679.48623
-1772678.46899
-1772676.97018
-1772675.71771
-1772674.96979
-1772675.00011
-1772675.82375
-1772677.06598
-1772678.17058
-1772676.99549
-1772677.67204
-1772678.31871
-1772678.71856
-1772678.87877
-1772678.59743
-1772677.88390
-1772676.81144
-1772675.71750
-1772674.86159
-1772674.51038
-1772674.68915
-1772675.39464
-1772676.48444
-1772677.64325
-1772678.23056
-1772678.05716
-1772677.11526
-1772675.85068
-1772674.63282
-1772673.85912
-1772673.69622
-1772674.17732
-1772675.10075
-1772675.72992
-1772675.51572
-1772674.13461
-1772671.68218
-1772669.00092
-1772666.93826
-1772666.05576
-1772666.47755
-1772668.05160
-1772670.37470
-1772672.83668
-1772674.83687
-1772675.91124
-1772676.13150
-1772676.08378
-1772676.01130
-1772676.19086
-1772676.70834
-1772677.34991
-1772677.88177
-1772678.26198
-1772678.43780
-1772678.35987
-1772678.12186
-1772677.85561
-1772677.66455
-1772677.59379
-1772677.71473
-1772677.95929
-1772678.18775
-1772678.32293
-1772678.34994
-1772678.29275
-1772678.15660
-1772677.90092
-1772677.56707
-1772677.16497
-1772676.78924
-1772676.58168
-1772676.58554
-1772676.84269
-1772677.26803
-1772677.58096
-1772677.23271
-1772675.86983
-1772673.48634
-1772670.89287
-1772669.20262
-1772668.67943
-1772669.00948
-1772670.47738
-1772673.16636
-1772676.27759
-1772678.69883
-1772679.79610
-1772679.66727
-1772678.74226
-1772677.62485
-1772676.85683
-1772676.66698
-1772676.89434
-1772677.35605
-1772677.80379
-1772678.10013
-1772678.19711
-1772678.13060
-1772677.84519
-1772677.46415
-1772677.00564
-1772676.55511
-1772676.28110
-1772676.20317
-1772676.38529
-1772676.77709
-1772677.27112
-1772677.71980
-1772676.99938
-1772677.67106
-1772678.32042
-1772678.72083
-1772678.87874
-1772678.59191
-1772677.88655
-1772676.81101
-1772675.71955
-1772674.86731
-1772674.50554
-1772674.68829
-1772675.39284
-1772676.48195
-1772677.64079
-1772678.23159
-1772678.05632
-1772677.11850
-1772675.84775
-1772674.63569
-1772673.86056
-1772673.69861
-1772674.17767
-1772675.10240
-1772675.73292
-1772675.51877
-1772674.13483
-1772671.68524
-1772669.00226
-1772666.93456
-1772666.05631
-1772666.47737
-1772668.05286
-1772670.37494
-1772672.83810
-1772674.83915
-1772675.91546
-1772676.13662
-1772676.08568
-1772676.00966
-1772676.19047
-1772676.70722
-1772677.34992
-1772677.88115
-1772678.26088
-1772678.44213
-1772678.36219
-1772678.11984
-1772677.85527
-1772677.66414
-1772677.59455
-1772677.71222
-1772677.96272
-1772678.18666
-1772678.32222
-1772678.35226
-1772678.29257
-1772678.14103
-1772677.89874
-1772677.57006
-1772677.16599
-1772676.78948
-1772676.58132
-1772676.58799
-1772676.84143
-1772677.26918
-1772677.58160
-1772677.23506
-1772675.87012
-1772673.48798
-1772670.89279
-1772669.19819
-1772668.67845
-1772669.00795
-1772670.47535
-1772673.16523
-1772676.27921
-1772678.69897
-1772679.79754
-1772679.66860
-1772678.74276
-1772677.62559
-1772676.85850
-1772676.66679
-1772676.89340
-1772677.35528
-1772677.80603
-1772678.09803
-1772678.19913
-1772678.12999
-1772677.84324
-1772677.46182
-1772677.00479
-1772676.55873
-1772676.28125
-1772676.20821
-1772676.38879
-1772676.78212
-1772677.27041
-1772677.72086
-1772663.45027
-1772663.26074
-1772663.85388
-1772665.08987
-1772666.66089
-1772668.21219
-1772669.55587
-1772670.81857
-1772672.12214
-1772673.45715
-1772674.75186
-1772675.89947
-1772676.91685
-1772677.56823
-1772677.84679
-1772677.87191
-1772677.75517
-1772677.54329
-1772676.97529
-1772676.12955
-1772675.55954
-1772675.64376
-1772676.44641
-1772677.59076
-1772678.25384
-1772677.72290
-1772675.95813
-1772673.47390
-1772671.04594
-1772669.41990
-1772668.75468
-1772669.14431
-1772670.81567
-1772673.44102
-1772676.23900
-1772678.39674
-1772679.21734
-1772678.61772
-1772677.18441
-1772675.73974
-1772675.03997
-1772675.16825
-1772675.88730
-1772676.81280
-1772677.50326
-1772677.71856
-1772677.46475
-1772676.93885
-1772676.31542
-1772675.72394
-1772675.22075
-1772674.86577
-1772674.70972
-1772674.73038
-1772674.82797
-1772675.01499
-1772675.33749
-1772675.59835
-1772675.76781
-1772675.89996
-1772675.80331
-1772675.52358
-1772675.29872
-1772675.19091
-1772675.16468
-1772675.12319
-1772675.05867
-1772675.00584
-1772674.86701
-1772674.74788
-1772674.71070
-1772674.69868
-1772674.67990
-1772674.67629
-1772674.72194
-1772674.83337
-1772675.03139
-1772675.37585
-1772675.89968
-1772676.49428
-1772677.00519
-1772677.20972
-1772677.00900
-1772676.53724
-1772676.03366
-1772675.57245
-1772675.19766
-1772674.95626
-1772674.78734
-1772674.80095
-1772674.86084
-1772674.95902
-1772675.10410
-1772675.26445
-1772675.41285
-1772675.68719
-1772675.92955
-1772676.17089
-1772676.28485
-1772676.04458
-1772659.82845
-1772661.25427
-1772663.15071
-1772665.27599
-1772667.29931
-1772669.13156
-1772670.42084
-1772671.18089
-1772671.42701
-1772671.52857
-1772671.51693
-1772671.56462
-1772671.82620
-1772672.41570
-1772673.30298
-1772674.24548
-1772675.00608
-1772675.37510
-1772675.38429
-1772675.18427
-1772675.07999
-1772675.25304
-1772675.73337
-1772676.45904
-1772677.19763
-1772677.72889
-1772678.11041
-1772678.48603
-1772678.76291
-1772678.67204
-1772677.98262
-1772676.62610
-1772674.73366
-1772672.70949
-1772670.89860
-1772669.33541
-1772668.28013
-1772668.27873
-1772669.89304
-1772672.53111
-1772674.70033
-1772675.55632
-1772675.55514
-1772675.40327
-1772675.50435
-1772675.77533
-1772675.95531
-1772675.96659
-1772675.87908
-1772675.74695
-1772675.62945
-1772675.47844
-1772675.32325
-1772675.12373
-1772675.00967
-1772674.93742
-1772674.97314
-1772675.08993
-1772675.27713
-1772675.48129
-1772675.59821
-1772675.56578
-1772675.32555
-1772674.91242
-1772674.43968
-1772674.07808
-1772673.92915
-1772673.99586
-1772674.26023
-1772674.66204
-1772675.18113
-1772675.55411
-1772675.63335
-1772675.53746
-1772675.23715
-1772674.92368
-1772674.81405
-1772674.85932
-1772675.03469
-1772675.22393
-1772675.21046
-1772674.93314
-1772674.47230
-1772674.05245
-1772673.81155
-1772673.81416
-1772674.07562
-1772674.41437
-1772674.69900
-1772674.80296
-1772674.69306
-1772674.57814
-1772674.49488
-1772674.52145
-1772674.64054
-1772674.89777
-1772675.05443
-1772675.07024
-1772674.98720
-1772674.90691
-1772659.83129
-1772661.25343
-1772663.14838
-1772665.27448
-1772667.29741
-1772669.13459
-1772670.41974
-1772671.18169
-1772671.42561
-1772671.52611
-1772671.51341
-1772671.56522
-1772671.82612
-1772672.41605
-1772673.29948
-1772674.24809
-1772675.00271
-1772675.38235
-1772675.38202
-1772675.18611
-1772675.08134
-1772675.25435
-1772675.73675
-1772676.45551
-1772677.19825
-1772677.73048
-1772678.10882
-1772678.48779
-1772678.76237
-1772678.67177
-1772677.98126
-1772676.62299
-1772674.73523
-1772672.71281
-1772670.89045
-1772669.33700
-1772668.27628
-1772668.27978
-1772669.89361
-1772672.53232
-1772674.70376
-1772675.55591
-1772675.55394
-1772675.40305
-1772675.50206
-1772675.77904
-1772675.96004
-1772675.96775
-1772675.87590
-1772675.74775
-1772675.63098
-1772675.47945
-1772675.32458
-1772675.12472
-1772675.01145
-1772674.93717
-1772674.97354
-1772675.09219
-1772675.27747
-1772675.47941
-1772675.59891
-1772675.56963
-1772675.32806
-1772674.91348
-1772674.43939
-1772674.07849
-1772673.92730
-1772673.99466
-1772674.26019
-1772674.66011
-1772675.17120
-1772675.55560
-1772675.63165
-1772675.53580
-1772675.23724
-1772674.92510
-1772674.81478
-1772674.86235
-1772675.03485
-1772675.22230
-1772675.20677
-1772674.93106
-1772674.47086
-1772674.05267
-1772673.81069
-1772673.81324
-1772674.07080
-1772674.41481
-1772674.69961
-1772674.80074
-1772674.69076
-1772674.57621
-1772674.49747
-1772674.52134
-1772674.64030
-1772674.89564
-1772675.05436
-1772675.06954
-1772674.98795
-1772674.90595
-1772675.08952
-1772675.94700
-1772677.12027
-1772678.58973
-1772680.11936
-1772680.89985
-1772680.53981
-1772678.90215
-1772676.53641
-1772674.58333
-1772673.88157
-1772674.25733
-1772675.20402
-1772676.59148
-1772678.43942
-1772680.07471
-1772680.89791
-1772680.67235
-1772679.29707
-1772677.47639
-1772676.06462
-1772675.45421
-1772675.59416
-1772676.39844
-1772677.50043
-1772678.17002
-1772677.70475
-1772675.91110
-1772673.22383
-1772670.35764
-1772668.16555
-1772667.02627
-1772666.28284
-1772665.65431
-1772665.71457
-1772666.63824
-1772668.13144
-1772669.52240
-1772670.06710
-1772670.01791
-1772670.60024
-1772672.06081
-1772673.75049
-1772675.12799
-1772675.79687
-1772675.87878
-1772675.86759
-1772676.16038
-1772676.67068
-1772677.23780
-1772677.71158
-1772678.05977
-1772678.24267
-1772678.22088
-1772678.01514
-1772677.72121
-1772677.49281
-1772677.20824
-1772676.85342
-1772676.51066
-1772676.34978
-1772676.32965
-1772676.48532
-1772676.72764
-1772677.02441
-1772677.28990
-1772677.53956
-1772677.62675
-1772677.41328
-1772676.89617
-1772676.17555
-1772675.48219
-1772675.09496
-1772675.07480
-1772675.37887
-1772675.78770
-1772676.09246
-1772676.13988
-1772675.98923
-1772675.53117
-1772675.12481
-1772674.78310
-1772674.65670
-1772674.89387
-1772675.61056
-1772676.62074
-1772677.45355
-1772677.67973
-1772677.28944
-1772676.34118
-1772675.35095
-1772674.52348
-1772673.95714
-1772673.70515
-1772673.97343
-1772674.84544
-1772675.76898
-1772676.64424
-1772677.17083
-1772677.20537
-1772676.34508
-1772676.46683
-1772676.76681
-1772676.93851
-1772676.82440
-1772676.39124
-1772675.78505
-1772675.24580
-1772674.71279
-1772674.29338
-1772674.16095
-1772674.24587
-1772674.52003
-1772675.00729
-1772675.40768
-1772675.12198
-1772673.63916
-1772670.99911
-1772668.26362
-1772666.96977
-1772667.14619
-1772667.51340
-1772668.13830
-1772669.66215
-1772671.63361
-1772673.38939
-1772674.33693
-1772674.44122
-1772673.79772
-1772673.00908
-1772672.78880
-1772673.05191
-1772673.46765
-1772674.12405
-1772675.18600
-1772676.35686
-1772677.12093
-1772677.06466
-1772676.34932
-1772675.67215
-1772675.52195
-1772676.07130
-1772676.94995
-1772677.80399
-1772678.27642
-1772678.25904
-1772677.87773
-1772677.42349
-1772677.06315
-1772676.81556
-1772676.68900
-1772676.63409
-1772676.60262
-1772676.58124
-1772676.58200
-1772676.64462
-1772676.68819
-1772676.77509
-1772677.02500
-1772677.56430
-1772678.27597
-1772678.91572
-1772678.94215
-1772678.36245
-1772677.53558
-1772676.94409
-1772676.73862
-1772676.79686
-1772676.81948
-1772676.69704
-1772676.37638
-1772675.98523
-1772675.69034
-1772675.58896
-1772675.62468
-1772675.64039
-1772675.54279
-1772675.58508
-1772676.03017
-1772676.91326
-1772677.84775
-1772678.34081
-1772678.10727
-1772677.18479
-1772675.95226
-1772674.87445
-1772674.19077
-1772674.06864
-1772674.73280
-1772675.68807
-1772676.15491
-1772675.91500
-1772675.24225
-1772674.44197
-1772674.14561
-1772674.15109
-1772674.14562
-1772674.35623
-1772675.14672
-1772676.19431
-1772666.14814
-1772669.87505
-1772672.63699
-1772674.37964
-1772675.40562
-1772675.97581
-1772676.45471
-1772676.95662
-1772677.55636
-1772678.19773
-1772678.78787
-1772679.18578
-1772679.29427
-1772679.12432
-1772678.80043
-1772678.35535
-1772677.81896
-1772677.24854
-1772676.72269
-1772676.39389
-1772676.26163
-1772676.22393
-1772676.11450
-1772675.70984
-1772674.81199
-1772673.25615
-1772670.86416
-1772667.34733
-1772662.99409
-1772659.79235
-1772660.18861
-1772663.49153
-1772667.36106
-1772670.50952
-1772672.89523
-1772674.68190
-1772675.84554
-1772676.37977
-1772676.52013
-1772676.67236
-1772677.02557
-1772677.50543
-1772677.90588
-1772678.06516
-1772677.86936
-1772677.40795
-1772676.82937
-1772676.27447
-1772675.79867
-1772675.40484
-1772675.09873
-1772674.83504
-1772674.54237
-1772674.19456
-1772673.79907
-1772673.42785
-1772672.46552
-1772671.88169
-1772671.82237
-1772672.27766
-1772673.03061
-1772673.83079
-1772674.52201
-1772674.84534
-1772674.88835
-1772674.70827
-1772674.56676
-1772674.48903
-1772674.56653
-1772674.91169
-1772675.46677
-1772676.12515
-1772676.83856
-1772677.21614
-1772677.06085
-1772676.42330
-1772675.42069
-1772674.48338
-1772674.02580
-1772674.32085
-1772675.42279
-1772676.85624
-1772677.94905
-1772677.50852
-1772676.48136
-1772675.37950
-1772674.57391
-1772674.17462
-1772674.14956
-1772674.39026
-1772674.66494
-1772674.92294
-1772675.18084
-1772675.33509
-1772675.30563
-1772675.26328
-1772675.21599
-1772675.12829
-1772675.18862
-1772675.49069
-1772664.19138
-1772665.88157
-1772667.66077
-1772672.27629
-1772675.32858
-1772677.29987
-1772678.09147
-1772677.88957
-1772677.15991
-1772676.35213
-1772675.85203
-1772675.85265
-1772676.53147
-1772677.49649
-1772678.36703
-1772679.00505
-1772679.38581
-1772679.34661
-1772678.86858
-1772678.09043
-1772677.38783
-1772676.85432
-1772676.72856
-1772676.97430
-1772677.39959
-1772678.03671
-1772678.55977
-1772678.81472
-1772678.65875
-1772678.05656
-1772677.26941
-1772676.46780
-1772675.97984
-1772676.16410
-1772676.95983
-1772677.77683
-1772678.04333
-1772677.31122
-1772675.64821
-1772673.39384
-1772671.29182
-1772669.56448
-1772668.11124
-1772667.34729
-1772667.66673
-1772668.90124
-1772670.88442
-1772672.65597
-1772673.60955
-1772673.72393
-1772673.58649
-1772673.49339
-1772673.61874
-1772674.10334
-1772674.99039
-1772676.08243
-1772676.97014
-1772677.57115
-1772677.75579
-1772677.58960
-1772677.21049
-1772676.65818
-1772676.08569
-1772675.65048
-1772675.55830
-1772675.65948
-1772675.77014
-1772675.92990
-1772675.98512
-1772675.96123
-1772675.99362
-1772676.00875
-1772675.99615
-1772675.97752
-1772676.06026
-1772676.37018
-1772676.81378
-1772677.18213
-1772677.33059
-1772677.19603
-1772676.78918
-1772676.22622
-1772675.59016
-1772675.05441
-1772674.81229
-1772674.97316
-1772675.11604
-1772675.02451
-1772674.67832
-1772674.19073
-1772673.66599
-1772673.16548
-1772672.83241
-1772672.67633
-1772672.56507
-1772672.39465
-1772672.23670
-1772672.18354
-1772672.14293
-1772672.20239
-1772676.26071
-1772676.50463
-1772676.74928
-1772676.99926
-1772677.15088
-1772677.25092
-1772677.10241
-1772676.66690
-1772676.15065
-1772675.78128
-1772675.73492
-1772676.04507
-1772676.61660
-1772677.13963
-1772677.31857
-1772677.16774
-1772676.88192
-1772676.65116
-1772676.57046
-1772676.69025
-1772677.03012
-1772677.54677
-1772678.04416
-1772678.32753
-1772678.47294
-1772678.43521
-1772678.27037
-1772677.99142
-1772677.74570
-1772677.63170
-1772677.51311
-1772677.13631
-1772676.44286
-1772675.51519
-1772674.48325
-1772673.51020
-1772672.64222
-1772671.81237
-1772671.04125
-1772670.42597
-1772669.98685
-1772669.65522
-1772669.16945
-1772668.66206
-1772668.94527
-1772670.24174
-1772671.72792
-1772672.65823
-1772673.09032
-1772673.37197
-1772673.78439
-1772674.45601
-1772675.37531
-1772676.34256
-1772677.05853
-1772677.36627
-1772677.35530
-1772677.15964
-1772676.88041
-1772676.61156
-1772676.44435
-1772676.31561
-1772676.14405
-1772675.93185
-1772675.78428
-1772675.86010
-1772676.17963
-1772676.68607
-1772677.28088
-1772677.84943
-1772678.26576
-1772678.50073
-1772678.60797
-1772678.58774
-1772678.37351
-1772678.00259
-1772677.62024
-1772677.43603
-1772677.43931
-1772677.80065
-1772678.52103
-1772679.25016
-1772679.44797
-1772678.78139
-1772677.22238
-1772674.86310
-1772672.50666
-1772670.77337
-1772669.80114
-1772669.67765
-1772670.59700
-1772672.25854
-1772673.85556
-1772674.77682
-1772674.97209
-1772674.78676
-1772674.57235
-1772674.58951
-1772674.82751
-1772675.22569
-1772677.07059
-1772676.49631
-1772676.28197
-1772676.44502
-1772676.79187
-1772677.07665
-1772677.11464
-1772677.15566
-1772677.28270
-1772677.43928
-1772677.57987
-1772677.76813
-1772677.98966
-1772677.96397
-1772677.36170
-1772676.04298
-1772674.07649
-1772671.60398
-1772668.90536
-1772666.46659
-1772664.74805
-1772663.82923
-1772663.75814
-1772664.60973
-1772666.24033
-1772668.14621
-1772669.84818
-1772671.18316
-1772672.21941
-1772673.09653
-1772673.99051
-1772674.89813
-1772675.71000
-1772676.29202
-1772676.58642
-1772676.56113
-1772676.29601
-1772675.99755
-1772675.80737
-1772675.72642
-1772675.66805
-1772675.56203
-1772675.34216
-1772674.98508
-1772674.48025
-1772673.88534
-1772673.29762
-1772672.91691
-1772672.68145
-1772672.81316
-1772673.49749
-1772674.55722
-1772675.42525
-1772675.50914
-1772674.63230
-1772673.14970
-1772671.74324
-1772671.00169
-1772670.99727
-1772671.60218
-1772672.89204
-1772674.66321
-1772676.37038
-1772677.27942
-1772677.15034
-1772676.30413
-1772675.16723
-1772674.34209
-1772674.11386
-1772674.42705
-1772675.03255
-1772675.58813
-1772675.80832
-1772675.63618
-1772675.22903
-1772674.79888
-1772674.46806
-1772674.28264
-1772674.28477
-1772674.43422
-1772674.61618
-1772674.75670
-1772674.88198
-1772675.03258
-1772674.70657
-1772674.49419
-1772674.49998
-1772674.83070
-1772675.38502
-1772676.00807
-1772676.49922
-1772676.75104
-1772676.73905
-1772676.48935
-1772676.13978
-1772675.84062
-1772675.65001
-1772675.54089
-1772675.49678
-1772675.36828
-1772672.15273
-1772672.15558
-1772672.39245
-1772672.70545
-1772673.05246
-1772673.23735
-1772673.21577
-1772673.06210
-1772672.85158
-1772672.65637
-1772672.51420
-1772672.35732
-1772672.34082
-1772672.43579
-1772672.63985
-1772672.81891
-1772672.93956
-1772672.92369
-1772672.80041
-1772672.57402
-1772672.32811
-1772672.18222
-1772672.20942
-1772672.44970
-1772672.83987
-1772673.39022
-1772673.89908
-1772674.26288
-1772674.14286
-1772673.76366
-1772673.19071
-1772672.83655
-1772672.68978
-1772672.70623
-1772672.80239
-1772672.91372
-1772672.98798
-1772672.94768
-1772672.87554
-1772672.74503
-1772672.65412
-1772672.53257
-1772672.50067
-1772672.49452
-1772672.52922
-1772672.49677
-1772672.48655
-1772672.38441
-1772672.31369
-1772672.32541
-1772672.47590
-1772672.67927
-1772672.83597
-1772672.92052
-1772672.95299
-1772672.94533
-1772672.90471
-1772672.82886
-1772672.80906
-1772672.81829
-1772672.92098
-1772673.04449
-1772673.24673
-1772673.39901
-1772673.47599
-1772673.43490
-1772673.29810
-1772673.10814
-1772672.91044
-1772672.73289
-1772672.69282
-1772672.79089
-1772672.94701
-1772673.12126
-1772673.29883
-1772673.44707
-1772673.47819
-1772673.41574
-1772673.19288
-1772672.96718
-1772672.90056
-1772673.06358
-1772673.39708
-1772673.81244
-1772674.14478
-1772674.35346
-1772674.15438
-1772673.80970
-1772673.36563
-1772673.02649
-1772672.95215
-1772673.14998
-1772673.54426
-1772673.94856
-1772674.20812
-1772674.25595
-1772674.02165
-1772673.55804
-1772673.01561
-1772672.76213
-1772672.81384
-1772672.76704
-1772673.04852
-1772673.56643
-1772674.24874
-1772674.84090
-1772675.06935
-1772674.73881
-1772673.89796
-1772672.97810
-1772672.38473
-1772672.25816
-1772672.45567
-1772672.78023
-1772673.14490
-1772673.28450
-1772673.22162
-1772673.13417
-1772672.92005
-1772672.74818
-1772672.58446
-1772672.46909
-1772672.47599
-1772672.71722
-1772673.25740
-1772673.71623
-1772673.93569
-1772673.74312
-1772673.14660
-1772672.59692
-1772672.29596
-1772672.39219
-1772672.97992
-1772674.13568
-1772675.40655
-1772676.17251
-1772676.05052
-1772675.15615
-1772674.03235
-1772673.25296
-1772673.04284
-1772673.16621
-1772673.48922
-1772673.92542
-1772674.28225
-1772674.31600
-1772674.10128
-1772673.92263
-1772674.20468
-1772674.85327
-1772675.37168
-1772675.33891
-1772674.68023
-1772673.77660
-1772673.02233
-1772672.67870
-1772672.78972
-1772673.40105
-1772674.42256
-1772675.37768
-1772675.72086
-1772675.22888
-1772674.16103
-1772673.11961
-1772672.54995
-1772672.45148
-1772672.60170
-1772672.87616
-1772673.28906
-1772673.71521
-1772674.03620
-1772674.25138
-1772674.41164
-1772674.59957
-1772674.82595
-1772675.01303
-1772675.18900
-1772675.47513
-1772675.97223
-1772676.54660
-1772677.10173
-1772677.50816
-1772677.75422
-1772677.80607
-1772677.67718
-1772677.49999
-1772677.44396
-1772677.55356
-1772677.70124
-1772677.76761
-1772677.85911
-1772678.05187
-1772678.21816
-1772678.08642
-1772677.49365
-1772676.47522
-1772675.14903
-1772673.65862
-1772671.87038
-1772669.90055
-1772674.08198
-1772674.39145
-1772674.69573
-1772674.91234
-1772674.90439
-1772674.57981
-1772674.21831
-1772673.85615
-1772673.69754
-1772673.75663
-1772673.94793
-1772674.20484
-1772674.38413
-1772674.48609
-1772674.52431
-1772674.32702
-1772674.08395
-1772673.82351
-1772673.66304
-1772673.65260
-1772673.81540
-1772674.06965
-1772674.31797
-1772674.44022
-1772674.36148
-1772674.12513
-1772673.82619
-1772673.61105
-1772673.53357
-1772673.59266
-1772673.75061
-1772673.93647
-1772674.08070
-1772674.22086
-1772674.27728
-1772674.21877
-1772674.21358
-1772674.14561
-1772674.12983
-1772674.24640
-1772674.41722
-1772674.51773
-1772674.46516
-1772674.28793
-1772674.02584
-1772673.78153
-1772673.52034
-1772673.39049
-1772673.31766
-1772673.34717
-1772673.48507
-1772673.65199
-1772673.79977
-1772673.93515
-1772674.12042
-1772674.28239
-1772674.41993
-1772674.46252
-1772674.38454
-1772674.30132
-1772674.24144
-1772674.27181
-1772674.34146
-1772674.52759
-1772674.82867
-1772675.05925
-1772675.11567
-1772674.96538
-1772674.65755
-1772674.37315
-1772674.18506
-1772674.05186
-1772673.95510
-1772674.06041
-1772674.42877
-1772674.91254
-1772675.20261
-1772675.01660
-1772674.40818
-1772673.88851
-1772673.82655
-1772674.19345
-1772674.84025
-1772675.72057
-1772676.72498
-1772677.40107
-1772677.65882
-1772677.36746
-1772676.58916
-1772675.66427
-1772675.00044
-1772674.46674
-1772674.16081
-1772674.19505
-1772674.77618
-1772675.67877
-1772676.28126
-1772675.85434
-1772674.59953
-1772673.48075
-1772673.81667
-1772674.06671
-1772674.33055
-1772674.50505
-1772674.48705
-1772674.23266
-1772673.85874
-1772673.52105
-1772673.39646
-1772673.42214
-1772673.58761
-1772673.78346
-1772673.94296
-1772674.07120
-1772674.07276
-1772673.91806
-1772673.75179
-1772673.59044
-1772673.49061
-1772673.49092
-1772673.61094
-1772673.79035
-1772673.94250
-1772673.94925
-1772673.81883
-1772673.53808
-1772673.27819
-1772673.10541
-1772673.03882
-1772673.06635
-1772673.17103
-1772673.29094
-1772673.37381
-1772673.46997
-1772673.49420
-1772673.43552
-1772673.42608
-1772673.39324
-1772673.39732
-1772673.48147
-1772673.59365
-1772673.64213
-1772673.57277
-1772673.41393
-1772673.23056
-1772673.07498
-1772672.89847
-1772672.82645
-1772672.77855
-1772672.81691
-1772672.93611
-1772673.05404
-1772673.15297
-1772673.26217
-1772673.39501
-1772673.52888
-1772673.67431
-1772673.73855
-1772673.71698
-1772673.66969
-1772673.67476
-1772673.79865
-1772673.89957
-1772674.08253
-1772674.28280
-1772674.44747
-1772674.47880
-1772674.35133
-1772674.12822
-1772674.00517
-1772673.93172
-1772673.89251
-1772673.92985
-1772674.10309
-1772674.42158
-1772674.74395
-1772674.83218
-1772674.56383
-1772674.13782
-1772673.94475
-1772674.07511
-1772674.43976
-1772674.94807
-1772675.55623
-1772676.00667
-1772676.13484
-1772675.98505
-1772675.55978
-1772674.97945
-1772674.59088
-1772674.38180
-1772674.35856
-1772674.54860
-1772675.04886
-1772675.75008
-1772676.19345
-1772675.94004
-1772674.95128
-1772673.95088
-1772673.54866
-1772674.20521
-1772674.27983
-1772674.47010
-1772674.69531
-1772674.88037
-1772674.92255
-1772674.70901
-1772674.32326
-1772673.89768
-1772673.66778
-1772673.68817
-1772673.88563
-1772674.15075
-1772674.55308
-1772674.82079
-1772674.82535
-1772674.63245
-1772674.38884
-1772674.14094
-1772674.05708
-1772674.20699
-1772674.60535
-1772675.13530
-1772675.59633
-1772675.83901
-1772675.66681
-1772675.22439
-1772674.75863
-1772674.54847
-1772674.72170
-1772675.20046
-1772675.76155
-1772676.26857
-1772676.43154
-1772676.14096
-1772675.45986
-1772674.70773
-1772674.04507
-1772673.65658
-1772673.60881
-1772673.84821
-1772674.14425
-1772674.20206
-1772673.99489
-1772673.65394
-1772673.35489
-1772673.14685
-1772673.06158
-1772673.04954
-1772673.13488
-1772673.29492
-1772673.45201
-1772673.59321
-1772673.74206
-1772673.87913
-1772673.94681
-1772674.00766
-1772674.08216
-1772674.16420
-1772674.22948
-1772674.16365
-1772674.08768
-1772674.06655
-1772674.19846
-1772674.57184
-1772675.05146
-1772675.39223
-1772675.40209
-1772675.02660
-1772674.34520
-1772673.75822
-1772673.44614
-1772673.60038
-1772674.44010
-1772675.91126
-1772677.58651
-1772678.90090
-1772679.33667
-1772678.80619
-1772677.45607
-1772675.94958
-1772674.84866
-1772674.42473
-1772674.59831
-1772675.09445
-1772675.51753
-1772675.83238
-1772675.90402
-1772675.75917
-1772675.50618
-1772675.26634
-1772674.97141
-1772674.73064
-1772674.67414
-1772674.76897
-1772675.00389
-1772675.40355
-1772675.69077
-1772675.84500
-1772675.74368
-1772672.99427
-1772673.01936
-1772673.03756
-1772673.04653
-1772673.07119
-1772673.02182
-1772672.91325
-1772672.94829
-1772672.94517
-1772672.97214
-1772673.09543
-1772673.31136
-1772673.60797
-1772674.01009
-1772674.41532
-1772674.61556
-1772674.36885
-1772673.73788
-1772673.01336
-1772672.60112
-1772672.58508
-1772672.86823
-1772673.50175
-1772674.31399
-1772674.82428
-1772674.81725
-1772674.41205
-1772673.75738
-1772673.15559
-1772672.90333
-1772672.97320
-1772673.22519
-1772673.63468
-1772674.18755
-1772674.50321
-1772674.59861
-1772674.32493
-1772673.87248
-1772673.53783
-1772673.44427
-1772673.62971
-1772673.89400
-1772674.10029
-1772674.12708
-1772674.02194
-1772673.85672
-1772673.71973
-1772673.71753
-1772673.91154
-1772674.29405
-1772674.60026
-1772674.56468
-1772674.33237
-1772673.78665
-1772673.30787
-1772672.99498
-1772672.89027
-1772673.12220
-1772673.77902
-1772674.59160
-1772675.00779
-1772674.69643
-1772674.00849
-1772673.41684
-1772673.13865
-1772673.15355
-1772673.29112
-1772673.50937
-1772673.70104
-1772673.75567
-1772673.67352
-1772673.60975
-1772673.50503
-1772673.49591
-1772673.46896
-1772673.41137
-1772673.36288
-1772673.36935
-1772673.49317
-1772673.68772
-1772673.89165
-1772674.06978
-1772674.16429
-1772674.19500
-1772674.18593
-1772674.16214
-1772674.11831
-1772674.06573
-1772674.04806
-1772674.02347
-1772674.06489
-1772674.16668
-1772674.24661
-1772674.30521
-1772674.30713
-1772674.29616
-1772674.24716
-1772674.21654
-1772674.16214
-1772674.25153
-1772662.37254
-1772667.42475
-1772671.24351
-1772673.33535
-1772674.00410
-1772673.90360
-1772673.66839
-1772673.87478
-1772674.61219
-1772675.75421
-1772677.04436
-1772678.16989
-1772679.14438
-1772679.81197
-1772680.00604
-1772679.66096
-1772679.17356
-1772678.69695
-1772678.13033
-1772677.38359
-1772676.69069
-1772676.46984
-1772677.15651
-1772678.68592
-1772680.34667
-1772681.32888
-1772681.15939
-1772679.68088
-1772676.95022
-1772673.41294
-1772670.15700
-1772668.25824
-1772667.24096
-1772665.50340
-1772664.07266
-1772664.33519
-1772667.21405
-1772671.86238
-1772675.57843
-1772676.52751
-1772675.49879
-1772674.22139
-1772673.61281
-1772673.48374
-1772673.49183
-1772673.42642
-1772673.21918
-1772673.00977
-1772672.89332
-1772672.55060
-1772664.07216
-1772664.66143
-1772665.74808
-1772667.61046
-1772670.06846
-1772672.32020
-1772673.57953
-1772673.54865
-1772672.39368
-1772670.90137
-1772670.36611
-1772671.42282
-1772673.21290
-1772674.95535
-1772676.37538
-1772677.23982
-1772677.53927
-1772677.33596
-1772676.80475
-1772676.28483
-1772675.97226
-1772676.08076
-1772676.62275
-1772677.42700
-1772678.33337
-1772679.26005
-1772679.94334
-1772680.22539
-1772679.98701
-1772679.30072
-1772678.53198
-1772678.17091
-1772678.30824
-1772678.50178
-1772678.42753
-1772678.22599
-1772678.02603
-1772677.72191
-1772677.23862
-1772676.63684
-1772676.01323
-1772675.52113
-1772675.31021
-1772675.28800
-1772675.41580
-1772675.65854
-1772675.89744
-1772675.98768
-1772675.90524
-1772675.68207
-1772676.99549
-1772677.67204
-1772678.31871
-1772678.71856
-1772678.87877
-1772678.59743
-1772677.88390
-1772676.81144
-1772675.71750
-1772674.86159
-1772674.51038
-1772674.68915
-1772675.39464
-1772676.48444
-1772677.64325
-1772678.23056
-1772678.05716
-1772677.11526
-1772675.85068
-1772674.63282
-1772673.85912
-1772673.69622
-1772674.17732
-1772675.10075
-1772675.72992
-1772675.51572
-1772674.13461
-1772671.68218
-1772669.00092
-1772666.93826
-1772666.05576
-1772666.47755
-1772668.05160
-1772670.37470
-1772672.83668
-1772674.83687
-1772675.91124
-1772676.13150
-1772676.08378
-1772676.01130
-1772676.19086
-1772676.70834
-1772677.34991
-1772677.88177
-1772678.26198
-1772678.43780
-1772678.35987
-1772678.12186
-1772677.85561
-1772677.66455
-1772676.99938
-1772677.67106
-1772678.32042
-1772678.72083
-1772678.87874
-1772678.59191
-1772677.88655
-1772676.81101
-1772675.71955
-1772674.86731
-1772674.50554
-1772674.68829
-1772675.39284
-1772676.48195
-1772677.64079
-1772678.23159
-1772678.05632
-1772677.11850
-1772675.84775
-1772674.63569
-1772673.86056
-1772673.69861
-1772674.17767
-1772675.10240
-1772675.73292
-1772675.51877
-1772674.13483
-1772671.68524
-1772669.00226
-1772666.93456
-1772666.05631
-1772666.47737
-1772668.05286
-1772670.37494
-1772672.83810
-1772674.83915
-1772675.91546
-1772676.13662
-1772676.08568
-1772676.00966
-1772676.19047
-1772676.70722
-1772677.34992
-1772677.88115
-1772678.26088
-1772678.44213
-1772678.36219
-1772678.11984
-1772677.85527
-1772677.66414
-1772663.45027
-1772663.26074
-1772663.85388
-1772665.08987
-1772666.66089
-1772668.21219
-1772669.55587
-1772670.81857
-1772672.12214
-1772673.45715
-1772674.75186
-1772675.89947
-1772676.91685
-1772677.56823
-1772677.84679
-1772677.87191
-1772677.75517
-1772677.54329
-1772676.97529
-1772676.12955
-1772675.55954
-1772675.64376
-1772676.44641
-1772677.59076
-1772678.25384
-1772677.72290
-1772675.95813
-1772673.47390
-1772671.04594
-1772669.41990
-1772668.75468
-1772669.14431
-1772670.81567
-1772673.44102
-1772676.23900
-1772678.39674
-1772679.21734
-1772678.61772
-1772677.18441
-1772675.73974
-1772675.03997
-1772675.16825
-1772675.88730
-1772676.81280
-1772677.50326
-1772677.71856
-1772677.46475
-1772676.93885
-1772676.31542
-1772675.72394
-1772659.82845
-1772661.25427
-1772663.15071
-1772665.27599
-1772667.29931
-1772669.13156
-1772670.42084
-1772671.18089
-1772671.42701
-1772671.52857
-1772671.51693
-1772671.56462
-1772671.82620
-1772672.41570
-1772673.30298
-1772674.24548
-1772675.00608
-1772675.37510
-1772675.38429
-1772675.18427
-1772675.07999
-1772675.25304
-1772675.73337
-1772676.45904
-1772677.19763
-1772677.72889
-1772678.11041
-1772678.48603
-1772678.76291
-1772678.67204
-1772677.98262
-1772676.62610
-1772674.73366
-1772672.70949
-1772670.89860
-1772669.33541
-1772668.28013
-1772668.27873
-1772669.89304
-1772672.53111
-1772674.70033
-1772675.55632
-1772675.55514
-1772675.40327
-1772675.50435
-1772675.77533
-1772675.95531
-1772675.96659
-1772675.87908
-1772675.74695
-1772659.83129
-1772661.25343
-1772663.14838
-1772665.27448
-1772667.29741
-1772669.13459
-1772670.41974
-1772671.18169
-1772671.42561
-1772671.52611
-1772671.51341
-1772671.56522
-1772671.82612
-1772672.41605
-1772673.29948
-1772674.24809
-1772675.00271
-1772675.38235
-1772675.38202
-1772675.18611
-1772675.08134
-1772675.25435
-1772675.73675
-1772676.45551
-1772677.19825
-1772677.73048
-1772678.10882
-1772678.48779
-1772678.76237
-1772678.67177
-1772677.98126
-1772676.62299
-1772674.73523
-1772672.71281
-1772670.89045
-1772669.33700
-1772668.27628
-1772668.27978
-1772669.89361
-1772672.53232
-1772674.70376
-1772675.55591
-1772675.55394
-1772675.40305
-1772675.50206
-1772675.77904
-1772675.96004
-1772675.96775
-1772675.87590
-1772675.74775
-1772675.08952
-1772675.94700
-1772677.12027
-1772678.58973
-1772680.11936
-1772680.89985
-1772680.53981
-1772678.90215
-1772676.53641
-1772674.58333
-1772673.88157
-1772674.25733
-1772675.20402
-1772676.59148
-1772678.43942
-1772680.07471
-1772680.89791
-1772680.67235
-1772679.29707
-1772677.47639
-1772676.06462
-1772675.45421
-1772675.59416
-1772676.39844
-1772677.50043
-1772678.17002
-1772677.70475
-1772675.91110
-1772673.22383
-1772670.35764
-1772668.16555
-1772667.02627
-1772666.28284
-1772665.65431
-1772665.71457
-1772666.63824
-1772668.13144
-1772669.52240
-1772670.06710
-1772670.01791
-1772670.60024
-1772672.06081
-1772673.75049
-1772675.12799
-1772675.79687
-1772675.87878
-1772675.86759
-1772676.16038
-1772676.67068
-1772677.23780
-1772676.34508
-1772676.46683
-1772676.76681
-1772676.93851
-1772676.82440
-1772676.39124
-1772675.78505
-1772675.24580
-1772674.71279
-1772674.29338
-1772674.16095
-1772674.24587
-1772674.52003
-1772675.00729
-1772675.40768
-1772675.12198
-1772673.63916
-1772670.99911
-1772668.26362
-1772666.96977
-1772667.14619
-1772667.51340
-1772668.13830
-1772669.66215
-1772671.63361
-1772673.38939
-1772674.33693
-1772674.44122
-1772673.79772
-1772673.00908
-1772672.78880
-1772673.05191
-1772673.46765
-1772674.12405
-1772675.18600
-1772676.35686
-1772677.12093
-1772677.06466
-1772676.34932
-1772675.67215
-1772675.52195
-1772676.07130
-1772676.94995
-1772677.80399
-1772678.27642
-1772678.25904
-1772677.87773
-1772677.42349
-1772677.06315
-1772676.81556
-1772671.30948
-1772671.45295
-1772671.47695
-1772671.46001
-1772671.33333
-1772671.30319
-1772671.28571
-1772671.31672
-1772671.34006
-1772671.33660
-1772671.33958
-1772671.42451
-1772671.45794
-1772671.36249
-1772671.33104
-1772671.32811
-1772671.32609
-1772671.37631
-1772671.49474
-1772671.67574
-1772671.93552
-1772672.05202
-1772672.02619
-1772671.81974
-1772671.65754
-1772671.52068
-1772671.51864
-1772671.62365
-1772671.80097
-1772672.00654
-1772672.24268
-1772672.31971
-1772672.25064
-1772672.19043
-1772672.12036
-1772672.08429
-1772672.08751
-1772672.17900
-1772672.33332
-1772672.52695
-1772672.65671
-1772672.73416
-1772672.76295
-1772672.79063
-1772672.79977
-1772672.80361
-1772672.79330
-1772672.74496
-1772672.57677
-1772672.43007
-1772672.54865
-1772672.91969
-1772673.58336
-1772674.58722
-1772675.58432
-1772676.24546
-1772676.39323
-1772675.84744
-1772674.78046
-1772673.62385
-1772672.77326
-1772672.33489
-1772672.45802
-1772673.25997
-1772675.16799
-1772678.05977
-1772680.88930
-1772682.82977
-1772683.45032
-1772682.70824
-1772680.50129
-1772677.23125
-1772674.08862
-1772672.31121
-1772671.84936
-1772672.12982
-1772673.28931
-1772675.46920
-1772677.90245
-1772679.84577
-1772680.76967
-1772680.52765
-1772679.22993
-1772677.16044
-1772674.85916
-1772673.06429
-1772672.24403
-1772672.15392
-1772672.41328
-1772673.19848
-1772674.49060
-1772675.79994
-1772676.91158
-1772677.29008
-1772676.83352
-1772675.82548
-1772674.59856
-1772673.58106
-1772673.18516
-1772673.35527
-1772671.66087
-1772671.84338
-1772671.89126
-1772671.86588
-1772671.74165
-1772671.68602
-1772671.66947
-1772671.71429
-1772671.79674
-1772671.86913
-1772671.93925
-1772671.98304
-1772672.08022
-1772672.02773
-1772672.02590
-1772672.01004
-1772671.99642
-1772671.98984
-1772672.07805
-1772672.08699
-1772672.07133
-1772672.04754
-1772672.01158
-1772671.97531
-1772671.92323
-1772671.85374
-1772671.79111
-1772671.75430
-1772671.72343
-1772671.67078
-1772671.65746
-1772671.72750
-1772671.87431
-1772672.05310
-1772672.14900
-1772672.09230
-1772671.89529
-1772671.64095
-1772671.43928
-1772671.32507
-1772671.38634
-1772671.82510
-1772672.71728
-1772673.89932
-1772674.73708
-1772674.80269
-1772674.12007
-1772673.09374
-1772672.25000
-1772671.76017
-1772671.62573
-1772671.85991
-1772672.24845
-1772672.77009
-1772673.18805
-1772673.40804
-1772673.25258
-1772672.89893
-1772672.43985
-1772672.12428
-1772671.90771
-1772671.83710
-1772671.92915
-1772672.11424
-1772672.28337
-1772672.45053
-1772672.49584
-1772672.32286
-1772672.13250
-1772671.90650
-1772671.72859
-1772671.69284
-1772671.73035
-1772671.86385
-1772671.98811
-1772672.10716
-1772672.06735
-1772671.88404
-1772671.74101
-1772671.62151
-1772671.57642
-1772671.60794
-1772671.65660
-1772671.73206
-1772671.82625
-1772671.90765
-1772671.95854
-1772671.96990
-1772671.93403
-1772671.90621
-1772671.88234
-1772671.93962
-1772671.99894
-1772672.01204
-1772672.01376
-1772672.01433
-1772672.04163
-1772672.02000
-1772671.98716
-1772671.93905
-1772664.07216
-1772664.66143
-1772665.74808
-1772667.61046
-1772670.06846
-1772672.32020
-1772673.57953
-1772673.54865
-1772672.39368
-1772670.90137
-1772670.36611
-1772671.42282
-1772673.21290
-1772674.95535
-1772676.37538
-1772677.23982
-1772677.53927
-1772677.33596
-1772676.80475
-1772676.28483
-1772675.97226
-1772676.08076
-1772676.62275
-1772677.42700
-1772678.33337
-1772679.26005
-1772679.94334
-1772680.22539
-1772679.98701
-1772679.30072
-1772678.53198
-1772678.17091
-1772678.30824
-1772678.50178
-1772678.42753
-1772678.22599
-1772678.02603
-1772677.72191
-1772677.23862
-1772676.63684
-1772676.01323
-1772675.52113
-1772675.31021
-1772675.28800
-1772675.41580
-1772675.65854
-1772675.89744
-1772675.98768
-1772675.90524
-1772675.68207
-1772675.52546
-1772675.36758
-1772675.10141
-1772674.81949
-1772674.56349
-1772674.23347
-1772674.08460
-1772674.20480
-1772674.54974
-1772674.91940
-1772675.12265
-1772674.86753
-1772674.15961
-1772673.47114
-1772672.88290
-1772672.63019
-1772673.31238
-1772674.74044
-1772676.19402
-1772677.08514
-1772676.97547
-1772675.93157
-1772674.28233
-1772672.86412
-1772672.04823
-1772671.79394
-1772672.42355
-1772674.34763
-1772676.34342
-1772676.87096
-1772675.73498
-1772673.84994
-1772672.12988
-1772671.05763
-1772670.89790
-1772671.45541
-1772672.62944
-1772674.57378
-1772676.81022
-1772678.68065
-1772679.56311
-1772679.48623
-1772678.46899
-1772676.97018
-1772675.71771
-1772674.96979
-1772675.00011
-1772675.82375
-1772677.06598
-1772678.17058
-1772672.02878
-1772671.99778
-1772671.97472
-1772671.89768
-1772671.86502
-1772671.76490
-1772671.66372
-1772671.49627
-1772671.42289
-1772671.34961
-1772671.32370
-1772671.32311
-1772671.35615
-1772671.41705
-1772671.55336
-1772671.59947
-1772671.52831
-1772671.50247
-1772671.44855
-1772671.43230
-1772671.46770
-1772671.59918
-1772671.80067
-1772672.06727
-1772672.21663
-1772672.21667
-1772672.04064
-1772671.83812
-1772671.64683
-1772671.56903
-1772671.61262
-1772671.73320
-1772671.86859
-1772671.95365
-1772672.03007
-1772671.90170
-1772671.82570
-1772671.73376
-1772671.64008
-1772671.57661
-1772671.52919
-1772671.49161
-1772671.43258
-1772671.42122
-1772671.40947
-1772671.40709
-1772671.42033
-1772671.43128
-1772671.47675
-1772671.53277
-1772671.62480
-1772671.72817
-1772671.81334
-1772671.91877
-1772671.97795
-1772672.00330
-1772671.98501
-1772671.93160
-1772671.84045
-1772671.76690
-1772671.80451
-1772671.96866
-1772672.33472
-1772672.83112
-1772673.25146
-1772673.36424
-1772673.09634
-1772672.54551
-1772671.94782
-1772671.56773
-1772671.39489
-1772671.43836
-1772671.69148
-1772672.14153
-1772672.54353
-1772672.65050
-1772672.36264
-1772671.87095
-1772671.45285
-1772671.26025
-1772671.22080
-1772671.27218
-1772671.42584
-1772671.60592
-1772671.75379
-1772671.80654
-1772671.76544
-1772671.73453
-1772671.70079
-1772671.71759
-1772671.78950
-1772671.95414
-1772672.11593
-1772672.22711
-1772672.32253
-1772672.37853
-1772672.43856
-1772672.44525
-1772672.42406
-1772672.39151
-1772672.54813
-1772672.52534
-1772672.50504
-1772672.44569
-1772672.41721
-1772672.30326
-1772672.17183
-1772671.96818
-1772671.85148
-1772671.74500
-1772671.70402
-1772671.71058
-1772671.76907
-1772671.86571
-1772672.03524
-1772672.09593
-1772672.00939
-1772671.95020
-1772671.87118
-1772671.83233
-1772671.87973
-1772672.05867
-1772672.32603
-1772672.68813
-1772672.89639
-1772672.90180
-1772672.66231
-1772672.37949
-1772672.09121
-1772671.95926
-1772671.99764
-1772672.16507
-1772672.36969
-1772672.50252
-1772672.60042
-1772672.47992
-1772672.38481
-1772672.27554
-1772672.15475
-1772672.07298
-1772672.02058
-1772671.98531
-1772671.91404
-1772671.90296
-1772671.88985
-1772671.87114
-1772671.84786
-1772671.82591
-1772671.82047
-1772671.84259
-1772671.91318
-1772671.98676
-1772672.03019
-1772672.14325
-1772672.21714
-1772672.26935
-1772672.30291
-1772672.30933
-1772672.30344
-1772672.26783
-1772672.22483
-1772672.12710
-1772672.08889
-1772672.20857
-1772672.53643
-1772672.99744
-1772673.37355
-1772673.44020
-1772673.06776
-1772672.54163
-1772672.10109
-1772671.90570
-1772671.90049
-1772672.00070
-1772672.13258
-1772672.20374
-1772672.20646
-1772672.15039
-1772672.06237
-1772671.96753
-1772671.90404
-1772671.84966
-1772671.81200
-1772671.76757
-1772671.70686
-1772671.68420
-1772671.67610
-1772671.68996
-1772671.71004
-1772671.76330
-1772671.83084
-1772671.89932
-1772671.97321
-1772671.98277
-1772672.07119
-1772672.15219
-1772672.33643
-1772672.40777
-1772672.36006
-1772672.36863
-1772671.64145
-1772671.60949
-1772671.59576
-1772671.54306
-1772671.45688
-1772671.46261
-1772671.44460
-1772671.40782
-1772671.36628
-1772671.34854
-1772671.29017
-1772671.33206
-1772671.38400
-1772671.35168
-1772671.27337
-1772671.26786
-1772671.18365
-1772671.15586
-1772671.20986
-1772671.38224
-1772671.60073
-1772671.75668
-1772671.77576
-1772671.67474
-1772671.52935
-1772671.39622
-1772671.34214
-1772671.40704
-1772671.56427
-1772671.78544
-1772672.01995
-1772672.11178
-1772672.12077
-1772672.02360
-1772671.79716
-1772671.60557
-1772671.44550
-1772671.35765
-1772671.42036
-1772671.62655
-1772671.87822
-1772672.09739
-1772672.14353
-1772671.97449
-1772671.60651
-1772671.23726
-1772671.05313
-1772671.02725
-1772671.09949
-1772671.19886
-1772671.32113
-1772671.30584
-1772671.21414
-1772671.17293
-1772671.13891
-1772671.14193
-1772671.16199
-1772671.20310
-1772671.24552
-1772671.23595
-1772671.30501
-1772671.33459
-1772671.33126
-1772671.38368
-1772671.42574
-1772671.43666
-1772671.44079
-1772671.39548
-1772671.34374
-1772671.28986
-1772671.26394
-1772671.35106
-1772671.45177
-1772671.52649
-1772671.62025
-1772671.72987
-1772671.79553
-1772671.82116
-1772671.81818
-1772671.82693
-1772671.79988
-1772671.73993
-1772671.75285
-1772671.74446
-1772671.77226
-1772671.84166
-1772671.92698
-1772671.98044
-1772672.01079
-1772672.02525
-1772672.04310
-1772672.10155
-1772672.10529
-1772672.04695
-1772671.95052
-1772672.04275
-1772672.36360
-1772672.80173
-1772673.23499
-1772673.41060
-1772672.08581
-1772672.05350
-1772672.01299
-1772671.95827
-1772671.86077
-1772671.85007
-1772671.81663
-1772671.76797
-1772671.72463
-1772671.70823
-1772671.67096
-1772671.72373
-1772671.77528
-1772671.75458
-1772671.69116
-1772671.60468
-1772671.48795
-1772671.44012
-1772671.52018
-1772671.76079
-1772672.06109
-1772672.27281
-1772672.29703
-1772672.15771
-1772671.95435
-1772671.77698
-1772671.70150
-1772671.77353
-1772671.98257
-1772672.26682
-1772672.56969
-1772672.73720
-1772672.74122
-1772672.59979
-1772672.31394
-1772672.05587
-1772671.84036
-1772671.73021
-1772671.81066
-1772672.08582
-1772672.43405
-1772672.75901
-1772672.88884
-1772672.66354
-1772672.17631
-1772671.66710
-1772671.38383
-1772671.33135
-1772671.43163
-1772671.58540
-1772671.76574
-1772671.78159
-1772671.67056
-1772671.60639
-1772671.54721
-1772671.51212
-1772671.51794
-1772671.57713
-1772671.64628
-1772671.66973
-1772671.75701
-1772671.79331
-1772671.79255
-1772671.85345
-1772671.89807
-1772671.89787
-1772671.88617
-1772671.85429
-1772671.80916
-1772671.75119
-1772671.71541
-1772671.70349
-1772671.69711
-1772671.65432
-1772671.59633
-1772671.54787
-1772671.52870
-1772671.53025
-1772671.54705
-1772671.54811
-1772671.63406
-1772671.70189
-1772671.76148
-1772671.78680
-1772671.80623
-1772671.82788
-1772671.84340
-1772671.86968
-1772671.92126
-1772671.99489
-1772671.99857
-1772672.10684
-1772672.17518
-1772672.18984
-1772672.15805
-1772672.08406
-1772672.04866
-1772672.05525
-1772672.20103
-1772672.47901
-1772672.91738
-1772673.10500
-1772673.30539
-1772673.42441
-1772673.40162
-1772673.21836
-1772672.95159
-1772672.70677
-1772672.55836
-1772672.53866
-1772672.64707
-1772672.80567
-1772672.92330
-1772673.04043
-1772673.06777
-1772672.97937
-1772672.90740
-1772672.85371
-1772672.84590
-1772672.83007
-1772672.88757
-1772672.96192
-1772672.99427
-1772672.92979
-1772672.76864
-1772672.49774
-1772672.33561
-1772672.21696
-1772672.16601
-1772672.16665
-1772672.20848
-1772672.27114
-1772672.29904
-1772672.36785
-1772672.29895
-1772672.31309
-1772672.32269
-1772672.32869
-1772672.34078
-1772672.37227
-1772672.42709
-1772672.41258
-1772672.32035
-1772672.20549
-1772672.10075
-1772672.03545
-1772671.96182
-1772671.92177
-1772671.88706
-1772671.92405
-1772671.98046
-1772672.07995
-1772672.13589
-1772672.19287
-1772672.29373
-1772672.42675
-1772672.53983
-1772672.61780
-1772672.62377
-1772672.64303
-1772672.68364
-1772672.83816
-1772672.93420
-1772673.15544
-1772673.21350
-1772673.30352
-1772673.28918
-1772673.17026
-1772673.06108
-1772673.04199
-1772673.05580
-1772673.10860
-1772673.21145
-1772673.40538
-1772673.60816
-1772673.71697
-1772673.65639
-1772673.41108
-1772673.17459
-1772673.12038
-1772673.27042
-1772673.47646
-1772673.68204
-1772673.89806
-1772673.93394
-1772673.78780
-1772673.58628
-1772673.34274
-1772673.15560
-1772673.13533
-1772673.27638
-1772673.55839
-1772673.95166
-1772674.37144
-1772674.53464
-1772674.35586
-1772673.87330
-1772673.30680
-1772672.95968
-1772672.95909
-1772673.36713
-1772673.59016
-1772673.82245
-1772673.97174
-1772673.94631
-1772673.73767
-1772673.41853
-1772673.12391
-1772672.96452
-1772672.99341
-1772673.13588
-1772673.28080
-1772673.42700
-1772673.55349
-1772673.57473
-1772673.46081
-1772673.36466
-1772673.26070
-1772673.19791
-1772673.19314
-1772673.27565
-1772673.39551
-1772673.47227
-1772673.43013
-1772673.27350
-1772672.99247
-1772672.77749
-1772672.62490
-1772672.57666
-1772672.57591
-1772672.64724
-1772672.72969
-1772672.77823
-1772672.85228
-1772672.79260
-1772672.80583
-1772672.80537
-1772672.79585
-1772672.80479
-1772672.85773
-1772672.93726
-1772672.94977
-1772672.86669
-1772672.73613
-1772672.60090
-1772672.50965
-1772672.39045
-1772672.33500
-1772672.29184
-1772672.33536
-1772672.44054
-1772672.52636
-1772672.59522
-1772672.68122
-1772672.78631
-1772672.91700
-1772673.04741
-1772673.12142
-1772673.12426
-1772673.11193
-1772673.16022
-1772673.31202
-1772673.41759
-1772673.58817
-1772673.74675
-1772673.87569
-1772673.88916
-1772673.77448
-1772673.61223
-1772673.56302
-1772673.54598
-1772673.56653
-1772673.64973
-1772673.84657
-1772674.10099
-1772674.29797
-1772674.28718
-1772674.02410
-1772673.72208
-1772673.62255
-1772673.78611
-1772674.07368
-1772674.40146
-1772674.75584
-1772674.92347
-1772674.83841
-1772674.61208
-1772674.26308
-1772673.97591
-1772673.79767
-1772673.84808
-1772674.05993
-1772674.45540
-1772674.96536
-1772675.36325
-1772675.38290
-1772674.87259
-1772674.06791
-1772673.49189
-1772673.38296
-1772659.82655
-1772661.25463
-1772663.14997
-1772665.27598
-1772667.29927
-1772669.13468
-1772670.42284
-1772671.18162
-1772671.42798
-1772671.52570
-1772671.51251
-1772671.56050
-1772671.82474
-1772672.41721
-1772673.30287
-1772674.24785
-1772675.00521
-1772675.38168
-1772675.38467
-1772675.18681
-1772675.08289
-1772675.25423
-1772675.73315
-1772676.46032
-1772677.19813
-1772677.73030
-1772678.11370
-1772678.48198
-1772678.76262
-1772678.67012
-1772677.98066
-1772676.62533
-1772674.73656
-1772672.70832
-1772670.89244
-1772669.33398
-1772668.27856
-1772668.27996
-1772669.89617
-1772672.53480
-1772674.70251
-1772675.55487
-1772675.55491
-1772675.39970
-1772675.51057
-1772675.77544
-1772675.95437
-1772675.96630
-1772675.87427
-1772675.74616
-1772675.62854
-1772675.48004
-1772675.31975
-1772675.12603
-1772675.00907
-1772674.93619
-1772674.97383
-1772675.09076
-1772675.27781
-1772675.48146
-1772675.59850
-1772675.56786
-1772675.33059
-1772674.91396
-1772674.43892
-1772674.08270
-1772673.92794
-1772673.99606
-1772674.26196
-1772674.66028
-1772675.17664
-1772675.55154
-1772675.63426
-1772675.53616
-1772675.23705
-1772674.92129
-1772674.81239
-1772674.85924
-1772675.03441
-1772675.22724
-1772675.21008
-1772674.93147
-1772674.47213
-1772674.05189
-1772673.81013
-1772673.81060
-1772674.07217
-1772674.41278
-1772674.69865
-1772674.80287
-1772674.69224
-1772674.57935
-1772674.49585
-1772674.52082
-1772674.63906
-1772674.89737
-1772675.05452
-1772675.07037
-1772674.98854
-1772674.90770
-1772676.34603
-1772676.46484
-1772676.77337
-1772676.93647
-1772676.82825
-1772676.39255
-1772675.78344
-1772675.24662
-1772674.70828
-1772674.29488
-1772674.16452
-1772674.25003
-1772674.52105
-1772675.00337
-1772675.40506
-1772675.12451
-1772673.63647
-1772670.99506
-1772668.26478
-1772666.97312
-1772667.14539
-1772667.51245
-1772668.13902
-1772669.66030
-1772671.63234
-1772673.39093
-1772674.33818
-1772674.44023
-1772673.79326
-1772673.01182
-1772672.78508
-1772673.05149
-1772673.46683
-1772674.12763
-1772675.18607
-1772676.35407
-1772677.12065
-1772677.06465
-1772676.34955
-1772675.67238
-1772675.51994
-1772676.06915
-1772676.94948
-1772677.80506
-1772678.27341
-1772678.26173
-1772677.87776
-1772677.42282
-1772677.06157
-1772676.81311
-1772676.69004
-1772676.63144
-1772676.60237
-1772676.57864
-1772676.58112
-1772676.64312
-1772676.68752
-1772676.77326
-1772677.02623
-1772677.56424
-1772678.27904
-1772678.91687
-1772678.94325
-1772678.36307
-1772677.53895
-1772676.93936
-1772676.73880
-1772676.79950
-1772676.81999
-1772676.69642
-1772676.37391
-1772675.98477
-1772675.68739
-1772675.59032
-1772675.62234
-1772675.64206
-1772675.54260
-1772675.58294
-1772676.03095
-1772676.91714
-1772677.84858
-1772678.33871
-1772678.10083
-1772677.18684
-1772675.95575
-1772674.87243
-1772674.18974
-1772674.06825
-1772674.73012
-1772675.68498
-1772676.15809
-1772675.91498
-1772675.24112
-1772674.44326
-1772674.14628
-1772674.15465
-1772674.14178
-1772674.35581
-1772675.14487
-1772676.19251
-1772672.46239
-1772672.47738
-1772672.48973
-1772672.48554
-1772672.51722
-1772672.48006
-1772672.40519
-1772672.45771
-1772672.47689
-1772672.51410
-1772672.61294
-1772672.80160
-1772673.05912
-1772673.38703
-1772673.72365
-1772673.89888
-1772673.73315
-1772673.27576
-1772672.72443
-1772672.40995
-1772672.40854
-1772672.65651
-1772673.12422
-1772673.71731
-1772674.01922
-1772673.92107
-1772673.56042
-1772673.06836
-1772672.66172
-1772672.52349
-1772672.62065
-1772672.84702
-1772673.17175
-1772673.57714
-1772673.75087
-1772673.75001
-1772673.49097
-1772673.15419
-1772672.94179
-1772672.92543
-1772673.10255
-1772673.34900
-1772673.46461
-1772673.45454
-1772673.35013
-1772673.22968
-1772673.14847
-1772673.15957
-1772673.32531
-1772673.61358
-1772673.80549
-1772673.75697
-1772673.53068
-1772673.14122
-1772672.86689
-1772672.69641
-1772672.65853
-1772672.83317
-1772673.28907
-1772673.79678
-1772673.91604
-1772673.62323
-1772673.18190
-1772672.89240
-1772672.76327
-1772672.73424
-1772672.77494
-1772672.83179
-1772672.86164
-1772672.80346
-1772672.71432
-1772672.70493
-1772672.63639
-1772672.64838
-1772672.62834
-1772672.58803
-1772672.55030
-1772672.57248
-1772672.68791
-1772672.83029
-1772672.97465
-1772673.08630
-1772673.14933
-1772673.18776
-1772673.21247
-1772673.19553
-1772673.18735
-1772673.16452
-1772673.16169
-1772673.16940
-1772673.11009
-1772673.21726
-1772673.28831
-1772673.31575
-1772673.31189
-1772673.32250
-1772673.31391
-1772673.29947
-1772673.25137
-1772673.35984
-1772676.26302
-1772676.50331
-1772676.75132
-1772676.99783
-1772677.15664
-1772677.24985
-1772677.10020
-1772676.66794
-1772676.15253
-1772675.78533
-1772675.73949
-1772676.04471
-1772676.61815
-1772677.13686
-1772677.31963
-1772677.16794
-1772676.88133
-1772676.64605
-1772676.56991
-1772676.69216
-1772677.03011
-1772677.54655
-1772678.04150
-1772678.33277
-1772678.46804
-1772678.43421
-1772678.26656
-1772677.99108
-1772677.74956
-1772677.62561
-1772677.51672
-1772677.13867
-1772676.44298
-1772675.51741
-1772674.48015
-1772673.50690
-1772672.64390
-1772671.81064
-1772671.04708
-1772670.42880
-1772669.98926
-1772669.65824
-1772669.16840
-1772668.66061
-1772668.94480
-1772670.24132
-1772671.72792
-1772672.65490
-1772673.09184
-1772673.37506
-1772673.78432
-1772674.45665
-1772675.37333
-1772676.34218
-1772677.05715
-1772677.36539
-1772677.35691
-1772677.16104
-1772676.88010
-1772676.60831
-1772676.44284
-1772676.31454
-1772676.14836
-1772675.93120
-1772675.78588
-1772675.85982
-1772676.18189
-1772676.68859
-1772677.28028
-1772677.85022
-1772678.26729
-1772678.50028
-1772678.60530
-1772678.58496
-1772678.37355
-1772678.00245
-1772677.62039
-1772677.43710
-1772677.43750
-1772677.79849
-1772678.52718
-1772679.25183
-1772679.44767
-1772678.78139
-1772677.22291
-1772674.86263
-1772672.50843
-1772670.77019
-1772669.79934
-1772669.68173
-1772670.59370
-1772672.25783
-1772673.85825
-1772674.77677
-1772674.97242
-1772674.78677
-1772674.57191
-1772674.58893
-1772674.82930
-1772675.22634
-1772673.34443
-1772673.47899
-1772673.55207
-1772673.62604
-1772673.55870
-1772673.32191
-1772672.96132
-1772672.66641
-1772672.63713
-1772672.97156
-1772673.76628
-1772675.03034
-1772676.40480
-1772677.38787
-1772677.62052
-1772677.04252
-1772675.93106
-1772674.80005
-1772674.13123
-1772673.91682
-1772673.99729
-1772674.39003
-1772675.00769
-1772675.62247
-1772675.89217
-1772675.64347
-1772674.98156
-1772674.31928
-1772674.04542
-1772674.20741
-1772674.59348
-1772675.30537
-1772675.97535
-1772676.43522
-1772676.62170
-1772676.56755
-1772676.42299
-1772676.22250
-1772675.99889
-1772675.82914
-1772675.70513
-1772675.58655
-1772675.43561
-1772675.26876
-1772675.08381
-1772674.84273
-1772674.48607
-1772673.88076
-1772672.96025
-1772671.90668
-1772670.95879
-1772670.20656
-1772669.52104
-1772668.70435
-1772667.69608
-1772666.57549
-1772665.56859
-1772664.98293
-1772664.92788
-1772665.35625
-1772666.13338
-1772667.23273
-1772668.74317
-1772670.63244
-1772672.54357
-1772673.85064
-1772674.27409
-1772674.12322
-1772673.83302
-1772674.01989
-1772674.75565
-1772675.71270
-1772676.49087
-1772676.69046
-1772676.16437
-1772675.17905
-1772674.11651
-1772673.10868
-1772672.02237
-1772670.93949
-1772670.23999
-1772670.02680
-1772670.16403
-1772670.49715
-1772671.05817
-1772671.85968
-1772672.80991
-1772673.81291
-1772674.75177
-1772675.41251
-1772675.35998
-1772674.36383
-1772672.63712
-1772670.71700
-1772669.15459
-1772668.45318
-1772668.46696
-1772668.33777
-1772667.59258
-1772666.45629
-1772673.61281
-1772673.48374
-1772673.49183
-1772673.42642
-1772673.21918
-1772673.00977
-1772672.89332
-1772672.55060
-1772673.02887
-1772671.31285
-1772671.37448
-1772671.80481
-1772672.19275
-1772672.67765
-1772673.29992
-1772673.92694
-1772674.40502
-1772674.60070
-1772674.56323
-1772674.30418
-1772673.97770
-1772673.38901
-1772672.82869
-1772672.51477
-1772675.10141
-1772674.81949
-1772674.56349
-1772674.23347
-1772673.31238
-1772674.74044
-1772676.19402
-1772677.08514
-1772676.97547
-1772675.93157
-1772672.62944
-1772674.57378
-1772676.81022
-1772675.71771
-1772674.96979
-1772675.00011
-1772675.82375
-1772679.66727
-1772678.74226
-1772677.62485
-1772679.66860
-1772678.74276
-1772677.62559
-1772675.73974
-1772675.03997
-1772675.16825
-1772675.88730
-1772675.19091
-1772675.16468
-1772675.12319
-1772675.05867
-1772675.00584
-1772674.86701
-1772674.74788
-1772674.71070
-1772674.69868
-1772674.67990
-1772674.67629
-1772674.72194
-1772674.83337
-1772675.03139
-1772675.37585
-1772675.89968
-1772676.49428
-1772677.00519
-1772677.20972
-1772677.00900
-1772674.73366
-1772672.70949
-1772675.55632
-1772675.55514
-1772675.40327
-1772675.50435
-1772675.77533
-1772675.56578
-1772675.32555
-1772674.91242
-1772674.43968
-1772674.07808
-1772673.92915
-1772673.99586
-1772674.26023
-1772674.66204
-1772674.73523
-1772672.71281
-1772675.55591
-1772675.55394
-1772675.40305
-1772675.50206
-1772675.77904
-1772675.56963
-1772675.32806
-1772674.91348
-1772674.43939
-1772674.07849
-1772673.92730
-1772673.99466
-1772674.26019
-1772674.66011
-1772676.48532
-1772676.72764
-1772677.02441
-1772677.28990
-1772677.53956
-1772677.62675
-1772677.41328
-1772676.89617
-1772676.17555
-1772675.48219
-1772675.09496
-1772675.07480
-1772675.37887
-1772675.78770
-1772676.09246
-1772676.13988
-1772675.98923
-1772675.53117
-1772675.12481
-1772674.78310
-1772674.65670
-1772674.89387
-1772675.61056
-1772676.62074
-1772677.45355
-1772677.67973
-1772677.28944
-1772676.34118
-1772675.35095
-1772674.52348
-1772673.95714
-1772673.70515
-1772673.97343
-1772674.84544
-1772675.76898
-1772676.64424
-1772677.17083
-1772677.20537
-1772678.27642
-1772678.25904
-1772677.87773
-1772677.42349
-1772677.06315
-1772676.81556
-1772676.58200
-1772676.64462
-1772676.68819
-1772676.77509
-1772677.02500
-1772677.56430
-1772678.27597
-1772678.91572
-1772678.94215
-1772678.36245
-1772677.53558
-1772676.94409
-1772676.73862
-1772676.79686
-1772676.81948
-1772676.69704
-1772676.37638
-1772675.98523
-1772675.69034
-1772675.58896
-1772675.62468
-1772675.64039
-1772675.54279
-1772675.58508
-1772676.03017
-1772676.91326
-1772677.84775
-1772678.34081
-1772678.10727
-1772677.18479
-1772675.95226
-1772674.87445
-1772674.19077
-1772674.06864
-1772674.73280
-1772677.86936
-1772677.40795
-1772676.82937
-1772676.27447
-1772675.79867
-1772675.40484
-1772675.09873
-1772674.83504
-1772674.54237
-1772674.19456
-1772673.79907
-1772673.42785
-1772672.46552
-1772671.88169
-1772671.82237
-1772672.27766
-1772673.03061
-1772673.83079
-1772674.52201
-1772674.84534
-1772674.88835
-1772674.70827
-1772674.56676
-1772674.48903
-1772674.56653
-1772677.21614
-1772677.06085
-1772674.02580
-1772674.32085
-1772675.42279
-1772676.85624
-1772677.94905
-1772677.50852
-1772676.48136
-1772675.37950
-1772674.57391
-1772674.17462
-1772674.14956
-1772675.33509
-1772675.30563
-1772675.26328
-1772675.21599
-1772675.12829
-1772675.18862
-1772675.99362
-1772676.00875
-1772675.99615
-1772675.59016
-1772675.05441
-1772674.81229
-1772674.97316
-1772675.11604
-1772675.02451
-1772674.67832
-1772674.19073
-1772673.66599
-1772673.16548
-1772672.83241
-1772672.67633
-1772672.56507
-1772672.39465
-1772672.23670
-1772672.18354
-1772672.14293
-1772672.20239
-1772675.72642
-1772675.66805
-1772675.56203
-1772675.34216
-1772674.98508
-1772674.48025
-1772673.88534
-1772673.29762
-1772672.91691
-1772672.68145
-1772672.81316
-1772673.49749
-1772674.55722
-1772675.42525
-1772675.50914
-1772674.63230
-1772673.14970
-1772671.74324
-1772671.00169
-1772670.99727
-1772671.60218
-1772672.89204
-1772674.66321
-1772676.37038
-1772677.27942
-1772677.15034
-1772676.30413
-1772675.16723
-1772674.34209
-1772674.11386
-1772674.42705
-1772675.03255
-1772675.58813
-1772675.80832
-1772675.63618
-1772675.22903
-1772674.79888
-1772674.46806
-1772674.28264
-1772674.28477
-1772674.28225
-1772674.31600
-1772674.10128
-1772673.92263
-1772674.20468
-1772674.85327
-1772675.37168
-1772675.33891
-1772674.68023
-1772673.77660
-1772673.02233
-1772672.67870
-1772672.78972
-1772673.40105
-1772674.42256
-1772675.37768
-1772675.72086
-1772675.22888
-1772674.16103
-1772673.11961
-1772672.54995
-1772672.45148
-1772672.60170
-1772672.87616
-1772673.28906
-1772673.71521
-1772674.03620
-1772673.82655
-1772674.19345
-1772674.84025
-1772675.72057
-1772676.72498
-1772677.40107
-1772677.65882
-1772677.36746
-1772676.58916
-1772675.66427
-1772675.00044
-1772674.46674
-1772674.16081
-1772674.19505
-1772674.77618
-1772675.67877
-1772676.28126
-1772675.85434
-1772674.59953
-1772673.48075
-1772679.33667
-1772678.80619
-1772677.45607
-1772675.94958
-1772675.69077
-1772675.84500
-1772675.74368
-1772673.61281
-1772673.48374
-1772673.49183
-1772673.42642
-1772673.21918
-1772673.00977
-1772672.89332
-1772672.55060
-1772675.73974
-1772675.03997
-1772675.16825
-1772675.88730
-1772674.73366
-1772672.70949
-1772675.55632
-1772675.55514
-1772675.40327
-1772675.50435
-1772675.77533
-1772674.73523
-1772672.71281
-1772675.55591
-1772675.55394
-1772675.40305
-1772675.50206
-1772675.77904
-1772678.27642
-1772678.25904
-1772677.87773
-1772677.42349
-1772677.06315
-1772676.81556
-1772674.73656
-1772672.70832
-1772675.55487
-1772675.55491
-1772675.39970
-1772675.51057
-1772675.77544
-1772675.56786
-1772675.33059
-1772674.91396
-1772674.43892
-1772674.08270
-1772673.92794
-1772673.99606
-1772674.26196
-1772674.66028
-1772678.27341
-1772678.26173
-1772677.87776
-1772677.42282
-1772677.06157
-1772676.81311
-1772676.58112
-1772676.64312
-1772676.68752
-1772676.77326
-1772677.02623
-1772677.56424
-1772678.27904
-1772678.91687
-1772678.94325
-1772678.36307
-1772677.53895
-1772676.93936
-1772676.73880
-1772676.79950
-1772676.81999
-1772676.69642
-1772676.37391
-1772675.98477
-1772675.68739
-1772675.59032
-1772675.62234
-1772675.64206
-1772675.54260
-1772675.58294
-1772676.03095
-1772676.91714
-1772677.84858
-1772678.33871
-1772678.10083
-1772677.18684
-1772675.95575
-1772674.87243
-1772674.18974
-1772674.06825
-1772674.73012
-1772675.43561
-1772675.26876
-1772675.08381
-1772674.84273
-1772674.48607